genesymbol3	wtvswt.20min	wtvswt.30min	wtvswt.45min	wtvswt.60min	wtvswt.90min	wtvswt.120min	wtvswt.150min	wtvswt.180min	wtvswt.240min	AveExpr	F	P.Value	adj.P.Val
GIT1	4.42637651117692	4.83026271538707	5.12177885625632	5.11996289072682	5.15854754881697	5.22530812827782	5.55356849417707	5.71403726478107	5.58430847365547	11.909706760598	690.147654405486	8.88813850295216e-12	2.45327909022947e-08
PMU2	8.61302546159395	9.8138569995227	10.3572928548682	10.2409877048271	10.128137249189	10.1656057642651	10.1032751318687	10.1069600577411	10.2365882426514	10.9560755763681	467.265509467355	5.1995132071895e-11	3.40243145495463e-08
PHO84	8.75758323874854	8.99462625334684	9.37780928272054	9.40866299818463	9.66856366898394	9.63715169181929	10.2037252295755	10.3790546729156	10.2728103271995	11.7221299034515	450.372714149865	6.14248142479798e-11	3.57287669542416e-08
YPS11	2.56347340852953	3.77573670789169	4.15661204903589	4.1528041424024	4.27313347074114	4.36997711172132	4.66744645454604	4.89107386336918	4.63520967334945	8.72634330301846	272.844879094375	5.92050414842511e-10	1.42719308896535e-07
PHM8	2.63490770347379	3.47337161007317	3.79068408056128	3.88080179370832	4.01424018408429	4.02133985295887	4.09109769591719	4.1406718097738	4.04048326689397	8.46425878486022	272.062618248676	5.99775510166908e-10	1.42719308896535e-07
PHM3	2.12973978970396	2.60571039159215	2.71538341009655	2.77659176848928	2.74161750268825	2.71227780303131	2.69381545328323	2.63697401901262	2.58391904270451	9.42475057253091	266.664202339185	6.56577773957569e-10	1.43216026944495e-07
PMU1	1.49466762013331	1.77282437887193	2.18655253478218	2.22440696395765	2.40373282658601	2.66215483564933	3.02812830685555	3.27864234416965	3.26365357963365	9.47784639616441	260.914800004821	7.24465497026484e-10	1.45868341420525e-07
ASC1	-1.5763329664858	-3.21713102959435	-5.0621003532444	-5.27817990891559	-4.84305544605145	-4.64287373631233	-4.3928267371213	-4.28809607905403	-4.21185446393832	8.11414720619714	248.601900392413	9.01091991733293e-10	1.57504443738412e-07
GDH2	0.918372921420185	2.74351798839814	3.89689492475145	3.82576913867035	3.64334987498615	3.39132921205369	3.43082031339611	3.46508359739412	3.08399535564524	7.53892407562087	239.817250563986	1.05989775158e-09	1.73392647797541e-07
YAK1	1.60416053679897	2.63594952110638	2.87453760803937	2.7926622417867	2.91695431392179	2.88531358290069	2.84852017934606	2.91524550160821	2.63103015592096	8.05951192215204	184.801861846287	3.43036313435549e-09	2.71612376267142e-07
STE3	0.5286873121056	1.57464447193238	2.53882634881601	2.73222554841824	2.88652005315556	2.86949223939605	2.93518889629348	2.74956449102005	2.80196592393063	5.94210786147375	175.29311124095	4.35113871345317e-09	3.01815897136311e-07
AWP1	3.87618144548916	4.86252448335896	5.13230263671997	5.24360101499858	5.20543099522643	5.42803192966981	6.12415052728361	6.19790518644302	5.73063318885334	8.36794952914437	174.38154747378	4.45443092658679e-09	3.01815897136311e-07
CYN1	-8.88178419700125e-16	3.5527136788005e-15	-8.88178419700125e-16	0	1.24595889710525	-1.33226762955019e-15	2.07499649563378	2.06888355637751	2.66694065939368	-3.10760784085455	169.900092294733	5.00800849353397e-09	3.2366573411914e-07
SAH1	-0.783410890710401	-1.35024123956548	-1.93011562846945	-1.95886416606587	-2.77426096919558	-2.78132893789312	-2.43248846100536	-2.40426654403166	-2.32694007924531	9.24340926163752	148.397311604908	9.20158016865755e-09	4.46021038730762e-07
CDC33	-0.941330306810441	-1.82444931427664	-2.30421331305629	-2.30677675946049	-2.228797907187	-2.12050109418737	-1.92110447555241	-1.94166876600421	-1.80552078712806	8.11025899583637	140.635263057922	1.17124264268309e-08	5.00458245900709e-07
RPS12	-1.36475828704824	-3.25678659383741	-5.8031193395114	-6.10217718618082	-5.6195818055578	-4.86414820438293	-4.43001611493994	-4.94413099194632	-3.86042804010429	8.36986991728571	132.825167732067	1.5136142286892e-08	5.60713475815148e-07
PHO86	2.42086662519794	2.25318593912111	2.13057673061814	2.1297725532345	1.96242959107061	2.05258691677253	2.03279528254602	2.012910031624	1.89459593336818	9.1811185821443	132.394829581932	1.53581269173871e-08	5.60713475815148e-07
INO2	-0.453890088567476	-1.2661737096722	-1.61747470054452	-1.96720918804452	-3.0186010974505	-2.91861537892615	-2.68745408503387	-2.66614698578928	-2.07957890337158	7.03153445350112	131.953750593917	1.55897883606925e-08	5.60713475815148e-07
HEM15	1.99138681831173	2.54459139045834	2.78339552020192	3.14406961200536	3.13907885253958	3.80812847889747	3.87694267689279	3.90140418191808	3.65561237455564	8.98579851458596	131.543558399749	1.58090645899859e-08	5.60713475815148e-07
GLK1	2.73718605199453	4.53788753625328	4.76457242409673	4.38351022864773	4.03190282824513	3.69341173100078	3.50355790635833	3.76929099042468	2.95568539464793	10.8932012796401	129.865505852426	1.67462437740935e-08	5.60713475815148e-07
MYO3	0.947883308228346	1.76839802927948	2.58516781076627	2.73882825030375	3.12356476802153	3.38010807254811	3.27849056428479	2.89138374448906	3.20078412770763	7.97808497650698	126.990751591809	1.85146865690201e-08	5.96963308113168e-07
ENA1	1.0255160463314	1.35762664707375	1.6424589397712	1.82143674015767	1.97155159982199	2.1471438314621	2.40238062873882	2.63644265215768	2.5934898661119	9.11698873625217	126.437778933448	1.88805421604348e-08	5.99028110362886e-07
RPS11B	-1.2483785399691	-3.10772641523714	-5.42530989556066	-5.72579849530009	-5.53921148636947	-4.95087261923075	-4.84986454139294	-5.39281242801445	-4.11949163368136	7.87651123406045	124.719742746397	2.00748942691581e-08	6.23404251512807e-07
GDB1	2.51715704652342	3.96788074956183	4.17690324702613	3.98248059624253	3.89637880260623	3.66125461132248	3.90205453160413	4.03302111589673	3.53279364458153	9.87648441748947	122.221838996513	2.19804907820807e-08	6.42930011705613e-07
YPS10	2.85365765348195	4.00182932382414	4.14970773815217	4.01650743571026	3.87427468593663	3.7725245090922	3.8999031468127	3.99951725567409	3.851621389143	6.42606513228627	120.459711058603	2.34585566369255e-08	6.42930011705613e-07
SAM1	-1.62991719035573	-4.32372135634712	-6.29297125974076	-6.38597980101427	-6.26176743619508	-6.67226325337263	-6.48403513412146	-6.71435177044083	-5.9236970565469	6.15910184397196	119.947997256317	2.3910322633903e-08	6.42930011705613e-07
TPO1_1	-2.19088121473657	-3.62721856178969	-4.03256518261338	-4.66102180850822	-4.42447553984691	-4.82211046404905	-4.77394149943097	-5.15509707009033	-4.24677149528328	2.81745041721227	119.875695305	2.39750070942651e-08	6.42930011705613e-07
EFB1	-0.966381030423547	-2.30583694812324	-3.57579688251037	-3.52252277561495	-3.52113883742875	-3.1039010721939	-2.88736780379101	-3.11651094844354	-2.50875167859397	9.15985561069302	119.401496671378	2.4404579647379e-08	6.45054511080356e-07
TIF3	-1.28229061751702	-2.41364730013573	-2.78888339879957	-2.51715534845628	-2.47209187731552	-2.25331716440254	-2.09099295012471	-2.16151389123408	-1.66562123587563	6.84748479369448	113.29600807469	3.08720014872815e-08	7.31605587061468e-07
DLD1	1.5180803559469	2.30120756642187	2.9716187108213	3.04033044215673	2.90827736716113	2.98270206684914	2.98021953023267	2.8418737860475	2.90848122360747	9.29010394668565	111.219691157367	3.3536971922958e-08	7.47461056220703e-07
CYS3	-0.770007282108073	-1.53506916679905	-2.23188496840215	-2.40538649997064	-2.43342508413518	-2.65433945515612	-2.07458221294409	-2.24500437980427	-2.24140667501422	7.34694475943777	110.671011398515	3.42875743215063e-08	7.51026994029647e-07
GRX7	2.05821762512162	2.26254368149735	2.53457342416873	2.70798796146512	2.62073071928742	3.12565570996002	3.22875074894137	3.42433197041663	3.44442029658338	9.17708346842873	109.189591987207	3.64189790717569e-08	7.71496057577578e-07
HSP31	2.03796192815144	3.47473915057891	4.34164718626894	4.33983610694569	4.48209945230179	4.37255939166079	4.28502827973079	4.32024115707819	4.01378644738189	9.60666813256397	105.873792159076	4.18062724997597e-08	8.13590470394953e-07
ARG1	-1.57778781671759	-1.59321581034582	-2.22550957954271	-2.32532934941848	-2.39337430177372	-2.70823370473307	-2.75228410172444	-2.64318332537876	-2.87448494143684	4.8487476117952	105.206650290701	4.3005020806713e-08	8.2094319265922e-07
YPS8	2.66776152709674	4.23745368185669	5.28650585461764	5.43469405087033	5.87571918010867	5.72415394562949	5.89573632283087	6.03179079649101	5.65361456010026	5.17537775944101	104.516629724018	4.42893004233057e-08	8.31019669232994e-07
PHM1	1.65603976256268	2.14038242431802	2.33278413341678	2.34702408719799	2.26255593703972	2.36533338486372	2.18348976360124	2.28637764543497	2.17668654360408	9.21212202480402	103.579910429735	4.61085056183111e-08	8.43285740821195e-07
RPL16A	-1.25947117910669	-2.98032999313259	-5.64615143992729	-5.96467186281585	-6.01918540443586	-5.10236325639727	-5.0495087423748	-5.61237409854091	-4.14956604208171	8.06598708928724	102.632497076458	4.80420857432138e-08	8.67242478847325e-07
YPS9	1.18076362967935	3.18349570759453	4.0765531363888	4.08756029012349	4.20415575494039	4.05798150145591	4.24975109252969	4.36361861365529	4.14989556991309	9.2320861291332	102.52585737297	4.82658693227366e-08	8.68288061527582e-07
DBP3	-2.53080772164309	-4.03634586201406	-4.18873643593773	-4.36261726181697	-3.87488686398569	-2.77633782254894	-2.47950063588753	-2.70126106887988	-2.14607123495226	5.25709071441245	102.302058907404	4.87396605924319e-08	8.70826359049081e-07
RSB1	-0.907277745615004	-0.395842503001219	0.72645215860139	1.23569020442874	1.65552458988922	2.17478769328902	2.06583706207382	1.76255632946492	1.95745350770421	7.26538269379562	99.1061193401524	5.61671333164351e-08	9.33444263211231e-07
ATG11	0.489537572116055	1.4339388237085	1.67449144608773	1.95645020451525	2.32799056556665	2.56762994563518	2.61842151580014	2.75803168487745	2.39589313445937	6.36279941231727	98.6012369442479	5.74634782753873e-08	9.38979187766513e-07
FCY2	-0.0669151714847676	-0.0542805119448024	0.583853347543075	1.07176106430647	1.81392992596154	2.39931363209786	2.41472021928862	2.18541237046648	2.24169075137739	7.30130788921963	98.5694598717375	5.75462843767208e-08	9.38979187766513e-07
BMT2	3.44536556418528	5.41362647625384	5.70485286585019	5.82798050681984	5.9681968914886	5.71700362326488	5.96699645511828	5.9952346697596	5.71748400685428	5.18814584493828	98.3883129207201	5.80211156462417e-08	9.43293603751786e-07
SDA1	-2.87119002239526	-5.4201978803105	-4.86633663413605	-3.62863830377024	-2.63197551338137	-1.95074048342749	-1.97508998300298	-2.20225367061209	-1.39637396295518	4.85232127476373	98.1924497155614	5.85399121267995e-08	9.48781547937447e-07
SUN4	2.09013619460039	2.79083809624284	3.73089988705256	4.44104522489744	4.79472124046858	4.8940054035243	5.80460625512029	5.92644288023919	5.78412814396739	8.49897929308807	96.8263538351478	6.23202411799841e-08	9.79719106838488e-07
BMT3	8.45510474696947	10.0108365026739	9.9419806446143	9.73655542543192	8.65883979985149	9.20484153564477	9.70505281260543	10.3199128109854	10.3792334542862	7.51385599670587	95.8941538979003	6.50716056820192e-08	1.00486683110729e-06
PEX8	0.73583532779198	1.29317072657076	1.77217429006524	1.79662115053737	2.00576860808524	1.95996787032621	2.19068975122	2.27974656946047	2.01529614934816	7.05745943514807	93.9062435350233	7.14509976344719e-08	1.06870277890417e-06
GLM5	-1.82894852267869	-3.69207299100308	-4.05308761906659	-3.51966978786624	-3.29669109829852	-2.60257869456617	-2.36033015035808	-2.30980490538123	-1.74658808772302	5.07098744350401	93.4839594699968	7.29029497003488e-08	1.07809870531448e-06
TIF1	-1.16694041173767	-2.00366258170626	-2.66384074973047	-2.36617078289228	-2.44288915978898	-2.07994907736042	-2.06999494857719	-1.96599307740551	-1.66514371073696	9.11034381320758	92.3071884159747	7.7143247292654e-08	1.0953921233259e-06
PHM4	2.02097380116938	2.4816908936862	2.42833146923299	2.30275161344621	2.33857858908942	2.39228705800029	2.31688440011243	2.49774707111155	2.21022142187097	8.76964187963763	91.6518813316737	7.96350463129577e-08	1.10666498341558e-06
NCE103	4.17273059406171	4.34500213997155	4.17937004859687	4.22175209265755	3.98481173633559	4.44936361031411	4.63832740327963	4.84424297669398	4.73357162185693	9.47703477553697	88.5413929093991	9.28941350460046e-08	1.18657690167992e-06
TIF34	-1.40374162352277	-2.25939714763529	-2.52688060797376	-2.56658993039524	-2.63926656748137	-2.54782483464071	-2.21419613292644	-2.21780066653751	-1.87816408667843	7.39636959641067	87.8705597255367	9.60981807728143e-08	1.21335277754819e-06
HPT1	-1.82392365151732	-3.89141208351136	-3.81652546899024	-2.87137917395016	-1.51116826618128	-0.633305726294611	-0.673085789954859	-0.751011056776073	-0.256748071346831	6.65783838978128	87.4724094774696	9.80636528935455e-08	1.23108686546214e-06
ZPR1	-1.30042878333294	-3.89628726480768	-4.43144353468242	-3.89189089723604	-3.08699798303474	-2.40735799465177	-2.2196355067082	-2.50362595726067	-2.01558876737472	5.71940119267578	87.2878874105871	9.89911680788231e-08	1.23679896155761e-06
PEX2	0.86822067349147	1.24618555771374	1.74847611178631	1.95217520574068	2.07815885611863	2.16295046508416	2.08887189314991	2.23828514264721	2.14068664847995	6.47006237356634	87.0718229096067	1.00090877551358e-07	1.24459796670156e-06
FKS2	0.612661939081632	1.17352060487262	1.09034806113631	1.27171347305673	1.37327459367131	1.45461755457259	1.80303587107891	2.20186166887091	1.96297014897997	7.92124491407108	86.4693690084637	1.03236881671727e-07	1.25977873088926e-06
PSA1	1.48139183707597	2.4033538474826	2.43097608534895	2.44259584097371	1.4865801088193	1.20030537752772	0.749832141728495	0.499374976683826	0.710832343102986	6.94224810338369	85.9214349878456	1.06203534474396e-07	1.27847785515272e-06
ARO3	-1.10342600464282	-2.12381250994861	-2.95050156745441	-2.67488299517216	-2.62100372567553	-2.60590771748068	-2.6247039064396	-3.00948683955147	-2.48391812096736	8.10933177109713	84.0866686061985	1.16924946037357e-07	1.35156543329852e-06
SPE2	-0.974479791453738	-1.79644467113036	-2.52333567099818	-2.35679857517634	-2.48903127876888	-2.34922228429376	-2.55643723463202	-2.82327972128569	-2.44863304640826	6.01251446587005	83.6319689134792	1.19783371251435e-07	1.3675945138805e-06
MET15	1.89978072153613	2.33542152064167	1.67996151265948	1.46007429875672	0.825453115125257	0.0566339060764358	0.176195350751517	0.399708538560734	-0.0479687496475636	8.40202025457444	82.9916097961412	1.23954994413535e-07	1.39449170690252e-06
EPA10	1.40768171265849	1.77416849691674	2.16142209315668	2.43761103256219	2.66883828792571	2.91944984385057	3.23693900813333	3.42341290664823	3.35651384545953	4.96894022222168	80.1960112099083	1.44382917275461e-07	1.54243571194892e-06
MSN4	3.20905824508163	4.65347251049784	4.81190955875009	4.74222762785483	4.61600432020942	4.17786284189362	4.61164543971741	4.66563702635551	4.24943773221983	7.65956592738399	79.830436082607	1.47348684189752e-07	1.55518218091401e-06
PRT1	-1.24138402807558	-1.98774715216162	-2.29005281131562	-2.24661709840551	-2.09040912587139	-1.99156706044113	-1.75737851045683	-1.8444474431708	-1.68279010368314	7.77475975936767	79.6678691370222	1.48691379082306e-07	1.56007997985453e-06
MDE1	-0.615502894336927	-1.84963829496043	-3.16961245580199	-3.11214090315635	-2.6393743607354	-2.58124697490465	-2.08346298509167	-2.17491477471235	-1.98936315441391	4.96124632789865	78.4463154506344	1.59273071972863e-07	1.62216834976253e-06
APT1	-2.42850225288845	-4.84783859937221	-5.80125545189316	-5.47860968446529	-4.66110873498774	-4.32813368409448	-4.51002677840782	-4.60057624507703	-3.74408279073277	4.51584034799571	78.3176519913522	1.60440328105696e-07	1.63088372355984e-06
ADE2	0.570719528866427	1.08668319103862	1.27001857202895	1.38802953457901	1.57546786392409	2.09662124441454	2.0391054014646	2.07216344274079	2.21052613954713	8.06295847821329	77.4166766007364	1.6891334708476e-07	1.68110526994053e-06
ARV1	-1.14763994772892	-2.30401042402728	-2.445404599177	-2.23380613532653	-2.58483389174142	-2.18680353545458	-2.17112335419674	-2.02596074016453	-1.80239808796343	4.8810127310249	77.2546685188114	1.70494307795762e-07	1.69041231308867e-06
PEP4	1.60557416340547	2.71230752796335	3.02473789832605	2.84992645426806	2.67392572321281	2.5133210395542	2.51200507855091	2.63497801919001	2.14113760323338	9.85912691120619	76.6142392689866	1.76923447321833e-07	1.73444615492471e-06
FBP26	1.84394787266871	2.54112726365196	2.57595055878533	2.43527810019644	2.34907380515061	2.31972523349451	2.31615327032748	2.42120804916784	2.25823043689439	7.54143942665286	75.1707112507409	1.9253390876972e-07	1.83257274983543e-06
MTD1	0.874909421609192	1.40813048916873	1.42072007202528	1.61046683514586	1.83769643734199	2.72058410808412	2.92200918948832	2.99106841903852	3.19187719462764	6.46909229704007	75.1323979920243	1.92970645044913e-07	1.83339623740493e-06
QDR2	0.160997320846719	0.0459313376879988	0.430142097231296	0.857901373525152	1.59427671317273	2.26596045689394	2.10561722614259	1.75703347032011	2.06043097762784	7.58933596153159	74.5239230694484	2.00071485159467e-07	1.87701473980252e-06
TIF6	-1.44637262817266	-2.50822058227318	-2.83389027080514	-2.51806237515463	-2.37083331431176	-2.03123816148678	-1.89214365594692	-1.97271450884371	-1.50970263461604	6.5098153461942	73.7245810980247	2.09890889418657e-07	1.92502761098156e-06
TPS2	1.51339402201674	2.91515943509997	3.31259056813137	3.19345780629622	3.17867543745552	2.95307502988566	3.08614296428962	3.26517221517907	2.68483070570182	9.84399516785941	73.2135265309204	2.16477738066082e-07	1.96065909822826e-06
LSC2	1.38459835490396	2.431257859657	2.69957694225515	2.45291283254741	1.83855398743605	1.33358333425765	1.30477343824763	1.5570949001656	1.05161141219707	9.08359172824188	71.8903109846526	2.3474121957833e-07	2.0413127649378e-06
LIG4	0.480623791394994	1.17084548720908	1.67280560571604	1.80898640718165	1.97970250520696	2.05138096394105	2.05021811553467	1.96253886748099	1.83828536266503	6.9356581331848	70.469556545935	2.56489690477732e-07	2.15180052828674e-06
GCY1	1.3107808799991	2.88527779579779	3.23967226191583	3.14654045139374	3.14170648009495	2.840605654259	2.80005126952972	3.09924753183861	2.44026579217383	8.55416797325055	68.9348066555194	2.82812702080014e-07	2.30252643139793e-06
FUR1	-1.54641188312332	-2.55542124810262	-3.78892332892707	-4.49962830077679	-5.08633742703898	-5.26245720923054	-4.98961928834613	-5.22491977679488	-5.18660286491118	7.3602614003488	67.9191495934231	3.02056010630531e-07	2.37414297512569e-06
NOP8	-2.13350627268081	-4.24331470137447	-3.77342781431241	-3.3022433055767	-2.42673070956295	-1.9971699943682	-1.72199625730022	-2.04011501210349	-1.71572036344036	4.50301189566563	67.5252061833206	3.09947829110154e-07	2.40862632948962e-06
ADH6	1.57685483359754	0.12804699283844	-1.48366186438155	-1.74613424016059	-2.32067661277545	-2.41564382352629	-2.74062337289278	-2.75336755878349	-3.07123566032993	4.27890199339872	67.2352563377636	3.15917473998761e-07	2.4285285996821e-06
YDJ1	0.176835876839899	-1.80287025757932	-2.92534986859276	-2.75398094399771	-2.61133449735306	-1.98130341432658	-1.38398558258627	-1.26312646948166	-0.874927635300109	7.51197045874557	64.1648034544892	3.88608606798821e-07	2.79830269132301e-06
HO	1.04599731414936	1.79516346586081	2.33705204049428	2.37593439827899	3.29164870018559	3.56423176503525	3.65369455191554	3.92262456371545	3.76677243642471	3.60717325439618	63.460048008854	4.08082012200892e-07	2.87912309147125e-06
OPI3	0.106945226485152	-0.0274963639251986	-0.672424240380547	-1.09191793417394	-2.83271789975867	-3.36335210839204	-3.38615380842771	-2.96527821134401	-3.45948802849852	9.20768202535162	62.9954564478696	4.21572354051871e-07	2.94257503128206e-06
MDH1	0.763771831822792	1.68960489117951	2.08804895687918	2.07566209664011	1.61259379113615	1.64771229548868	1.60557092831803	1.57644796915373	1.46545539525683	9.10627859951749	62.9017498751919	4.24358901330921e-07	2.95414740487683e-06
GIN3	1.65301433316804	3.43169227485411	4.56045212620352	4.61988883057042	4.83320088454252	4.43846553784242	5.04585545054153	5.12564320370472	4.53604891059652	10.0087055968163	62.5344746616863	4.35499536971465e-07	3.01181430221416e-06
ECM4	2.56116527616236	3.56250932406221	4.07675656384421	4.0215853790097	3.89615762939191	3.56771183777006	3.75428452885661	4.10768935461135	3.3089680403329	10.8349549278029	60.6574463692468	4.98344345028999e-07	3.27742794752112e-06
MEU1	-1.17554153959341	-1.85863046666433	-2.20045777183493	-2.0142623705486	-1.89749926847298	-1.68310134533957	-1.55513962247716	-1.52402608227505	-1.43825003696736	7.36096730870874	60.5546046390103	5.02097158719516e-07	3.28149641185601e-06
FEN1	-0.521790478912468	-0.877209900657345	-1.41234759232253	-1.62042301516302	-3.44533497338133	-4.03652893064103	-3.69367692668478	-2.93486878217898	-3.27571849069022	8.13532110264503	60.4399196767388	5.06322895685666e-07	3.2979692439041e-06
ERG3	-1.12217888607744	-2.03076383143887	-2.10650295388267	-1.92133267749352	-1.33190996020067	-1.08250078208341	-0.608335652866735	-0.563240907000566	-0.216913931209257	7.10393801243539	59.7174990142756	5.33962762646425e-07	3.39647030674852e-06
SSA3	3.43600008877086	3.79261385112705	4.54534426752496	4.60160556524676	5.08772172839842	4.75105111124567	4.71372792397792	4.67149538941854	4.18150934439985	9.23484699243285	59.5260125820704	5.41595510375398e-07	3.43666969310935e-06
YAP7	0.918622282589678	1.21211938847178	1.42408952042163	1.42009448455314	1.63747066365001	1.90223143488401	2.04573483304725	1.84450594199572	2.16709683392056	7.94226592068995	59.2052762096732	5.54680784026908e-07	3.47338983777615e-06
MRI1	-1.36030806820312	-2.43701137159023	-3.20479705440434	-3.09125034922118	-2.56532916322811	-2.41338044417167	-2.5073384656481	-2.50313544138591	-2.47501438786358	5.03740786693422	58.8768597166336	5.68481327113955e-07	3.50530005587934e-06
YPS3	-4.74903565454172	-4.25870392525096	-4.87972204687601	-5.58824542832057	-5.75545035238036	-5.40048299376034	-5.49406216292702	-4.776022241694	-5.23009496633105	5.43172178196581	58.6554764863724	5.78020931600309e-07	3.5474744864509e-06
ALD4	0.972505240138286	2.58908533667115	3.0872446152583	2.99410610713915	2.9010792018018	2.7378549348046	2.7258202348732	2.9610153727636	2.4826667572789	10.2154613524114	58.6221211337198	5.79475121863245e-07	3.55216892617575e-06
TRP2	-1.01370782283197	-1.64828445416513	-2.55759856623173	-2.43047652740458	-2.59825718898055	-2.38777968549504	-2.38231622580118	-2.63224335952738	-2.35344682374168	7.15649918116106	58.0265974396578	6.06205373342598e-07	3.66453248204215e-06
SSE1	0.0574784468024507	-1.7303438791159	-2.50503402976135	-2.37800902683617	-1.92998884940587	-1.48511197656989	-1.26951206476483	-1.22760240702391	-0.81941064930612	8.77944942926981	57.6476905460651	6.23997489278307e-07	3.75043267092071e-06
HSP12	4.85949382142712	7.24067748566453	8.12518351824688	8.03426222937198	8.02017362698458	8.05237362287478	8.14514348690538	8.51500479269213	7.93284600861198	11.3500747625318	54.7421107842455	7.83925170851994e-07	4.40840106233741e-06
KRS1	-1.37887829784997	-2.7415491872009	-3.85798375181337	-3.82153919570387	-3.41048902006759	-3.160901547017	-3.04209541155389	-3.21901363817123	-2.50270095283849	7.23025011997186	54.7364344794236	7.84283623388912e-07	4.40840106233741e-06
SUE1	1.85895522154568	3.93766676148558	4.56279522755754	4.2899368876759	3.9176986667307	4.00526465451333	3.81358203742475	4.05674183070438	4.01700796731669	7.00362184650573	54.0562404128016	8.28723666478618e-07	4.55740077089497e-06
FRS1	-1.61285114154402	-3.31171322479154	-4.29960540810631	-3.97615671821527	-3.82331344478341	-3.51032426274689	-3.12450889305613	-3.53386961757836	-2.76481470744419	6.96231458557655	53.0130567932603	9.03012569289221e-07	4.79616314533867e-06
URA7	-1.92674851780799	-3.57760670074031	-4.20859447932926	-3.44161253388565	-2.84566419313942	-2.25426548694379	-2.14278945747552	-2.24258252022147	-1.73422170323945	6.65527209321173	52.4592402991268	9.45752669117722e-07	4.90607920211694e-06
ADI1	1.72048241564424	2.24971862420028	2.09169840906183	2.15056301057617	1.77374096229283	1.63171084643376	1.54054505905121	1.67422697179962	1.64440370228965	6.23082461412644	51.9833924666116	9.84461313767409e-07	5.02795607568038e-06
PEX11	0.846998960770834	1.7021409667934	1.99654393037945	2.11131594406087	2.03618003784144	1.80938563215469	1.69518713423448	1.86090875633846	1.45086639873641	8.16669509291592	51.1880079189515	1.05357629523458e-06	5.29111215427673e-06
TEF1	-1.23794580899207	-2.3201323172223	-2.99640817711138	-2.75278853513328	-2.43144940432486	-2.04218803041427	-1.6976377958729	-2.14116039776756	-1.51147486969767	8.82790416281205	51.1674176884122	1.05544276984095e-06	5.29111215427673e-06
CTA1	2.4683149526135	3.62816819960246	4.58153256773318	4.40012441325983	4.38100665486248	3.98881380804143	4.24223078176368	4.59898927167638	4.16994730112018	9.94126794339738	50.7583937082563	1.09337019577638e-06	5.39471533919824e-06
IPC1	1.09624566476556	1.74615318651161	2.13329795932845	1.99198928016379	1.47746376819948	1.37411665313853	1.16939067957583	1.07762282688445	0.885667177781269	6.61050784964162	48.2093826723935	1.37119888895196e-06	6.39770604604589e-06
AUT4	0.709548763259421	1.43515729787953	1.86709253232663	1.88543638777712	2.00329196211884	1.75425219239254	1.80755958149319	1.8521117838226	1.56738944194854	7.23768208995239	47.4248234620049	1.4736002334183e-06	6.76099668882102e-06
APE1	1.10391906625614	2.59832288578774	3.12666743013828	2.91855096270832	2.44419769964608	1.83247481454723	1.68789589977759	2.19190680653642	0.98667307288472	8.12766042343206	46.7395028578388	1.57077524634873e-06	7.06444021875911e-06
ASN2	-0.610861284481498	-1.2552689351822	-2.90498881379472	-2.64631367249394	-2.68123647691285	-2.39065685622833	-2.45629107896109	-2.98055797524172	-2.2504637737859	9.35897775173342	46.6163997678193	1.58904972604007e-06	7.12215352381828e-06
PLB2	-0.428043886274422	-0.797895224359308	-1.42874913321654	-1.7916886978009	-1.78784206652345	-2.0916201229485	-2.55459021611684	-2.73749253373206	-2.24150863039251	7.64869740948438	45.2491552957288	1.81053637661001e-06	7.85265777262087e-06
PRO1	0.42300461044932	2.28057908927958	3.28150570889381	3.39036514739358	3.5326976168917	3.39434857112871	3.83251234697191	4.22988113331099	3.80822380701535	7.28921758030942	42.7417707102195	2.32359677092133e-06	9.34975334033295e-06
PDR13	-1.9292369314848	-3.94514680769065	-4.58853183645339	-3.97666149901695	-3.39894841153345	-2.79891336815119	-2.35827562505713	-2.59149229528983	-2.1013478383185	6.500502129305	42.1389976766256	2.47240951793534e-06	9.7905172665594e-06
TIF5	-1.1241462628195	-2.35403854498851	-3.18860269215104	-3.21044562201337	-3.19410600703418	-2.74845389642549	-2.52257664629447	-2.82646811966434	-2.165330066039	6.83960118083777	42.0947008695109	2.48379774407774e-06	9.81334429452602e-06
SSB1	-1.17447344503233	-2.55844179254792	-5.33247917675719	-5.15269841337068	-4.33191009405367	-3.1915508623707	-2.6864462807592	-3.0677773693652	-2.02862494835095	8.22120994251005	41.4843741140756	2.64741701330487e-06	1.02592608241175e-05
KRE29	-2.31579276398326	-3.92279317592147	-3.17138647889364	-2.57813189926538	-1.36118191104615	-0.991589807354845	-0.722841878648854	-0.775416035733493	-0.230540870738343	3.63317701332229	41.4294211226458	2.66278540797552e-06	1.03104153925679e-05
FRS2	-1.16549874479387	-2.46368481087404	-3.69299042668383	-3.24901849581266	-3.10381298064401	-2.74911670965172	-2.69715714372655	-2.82717925298464	-2.36974675010198	7.05696262728632	41.3874990976335	2.67458273966429e-06	1.03255461962703e-05
HEM1	-0.880088210765224	-1.83196328835154	-2.02842951067033	-1.78726214693559	-1.28964226639772	-0.787856668461774	-0.504982862816274	-0.732800806804896	-0.186011057081875	7.05149755634789	41.1380281679776	2.74612081545419e-06	1.05783241125112e-05
HMT1	-1.93265160818228	-2.09347234668388	-2.46449310009079	-2.41400629813356	-2.35720095924738	-2.17365650411434	-2.03229625532237	-1.91081716188037	-1.87240242374489	6.38025737832707	40.4586877765344	2.95310053250516e-06	1.10979765166292e-05
RCN2	1.74987854992895	2.47470081083466	2.34516919345263	2.50198571553002	2.37624378471328	2.15878017043533	2.1645958224733	2.3365032434207	1.87459843451659	6.82955559637109	40.2587592139452	3.0176077244599e-06	1.12836974553911e-05
DYS1	-1.47031169389931	-3.02776193864462	-3.29891417994524	-2.88138867119874	-2.40326426358128	-1.77810642520648	-1.765405814599	-1.90972637775051	-1.45358803773013	6.0532506257179	40.0247395760102	3.09531272367228e-06	1.15074154506059e-05
TPO3	0.829495965926644	2.08076681502307	2.06295334863174	2.14022368091928	2.53748623121528	2.52737872128819	2.4360264617378	1.95880090296838	2.46227589056741	8.99406331616547	39.9864737373066	3.10824984392095e-06	1.15238583094378e-05
THR4	-0.756706834542756	-1.63081156682786	-2.59179968643739	-2.2421795419493	-2.10579891969129	-1.78916532869705	-1.85138018609442	-2.11428965917491	-1.61185242535315	7.67928814990222	39.7827745345236	3.17823856532761e-06	1.17169569644296e-05
EPA9	1.55917997081437	2.13553984536437	2.62554932039858	2.73213972299717	2.57308080305857	2.73072554285456	3.16329603791275	3.21828113526126	3.08652669697587	5.23747456839003	39.413097043343	3.31023467214655e-06	1.21013118077424e-05
TPS1	1.61875641654202	2.76674062646927	3.13860738545847	3.03773703701227	2.98738374166958	2.73774312949732	3.01412687559467	3.15360012433808	2.38816409071532	9.97520433543863	38.7634543855962	3.55879741953144e-06	1.2745853762026e-05
BMT5	2.81995792347678	3.58382778260616	3.21910981289352	3.26554591359699	2.79750521779684	2.29473634471718	2.35413381332906	2.70325184010496	2.73541106910527	6.84175585189582	38.1274985628381	3.82453117998799e-06	1.33912352738474e-05
SUR4	-0.548592412618175	-1.45339751391539	-2.81084365039772	-2.34666566667314	-2.34596932647807	-2.67103482963852	-2.51880192825134	-2.51365092810416	-2.57434226072527	7.72828175076633	37.8631631897452	3.94207476349056e-06	1.36939358904267e-05
NAS6	1.15854318399623	2.13025334475261	2.37284143487958	2.33128995466554	2.37287748104966	2.21543846911629	2.29824442456298	2.40089091966564	1.95636205314392	7.48786624649369	37.2107910931356	4.25157757065196e-06	1.45565785365356e-05
DSS4	-0.651373408642803	-1.456575699157	-2.33820641615799	-1.86493025104922	-1.88406322893861	-1.55826641467952	-1.19677784927003	-1.0796917044841	-1.08794726477118	6.53535666392962	36.1879042269255	4.79891624661595e-06	1.60321164971503e-05
SEC53	-0.505282924465071	-1.33274353719649	-2.5875228000321	-2.08781771750264	-2.41476357760539	-2.88651031047937	-2.85936120718676	-2.40478073686215	-3.07337640904617	8.49825166644062	36.0218426416736	4.89570472396409e-06	1.62930796121755e-05
EFT2	-1.0153126254857	-1.82096400563715	-2.61247419423333	-2.72738417751129	-2.53307451273725	-1.91448951642125	-1.69828616719615	-2.0087334467713	-1.31691206442095	10.4105912852939	33.9461207532034	6.33220761312837e-06	1.99693414787512e-05
PEX24	0.13675113524347	1.38172527900989	2.02702244792582	2.13322342464127	2.45965079994463	2.24517376808121	2.32900230991902	2.46267670350571	2.11733028420115	5.62129746748947	33.8985380455965	6.37077468069492e-06	2.00667902848604e-05
UGP1	1.62333648663034	2.88160540910004	2.92257529860079	2.67112554599039	2.38223244184974	1.8960406373041	1.91988103706112	2.30247941532742	1.30190293326488	9.65613102658582	33.5638681047846	6.65028569182463e-06	2.07351075620619e-05
CCA1	-0.540957604328466	-1.61676945904481	-2.01856575002694	-1.80491640231983	-1.42490371083443	-1.20001006757686	-1.24193073722682	-1.19591765514247	-1.02985725822767	5.70849176432171	32.9208838331395	7.23052441019352e-06	2.22134948869502e-05
EMG1	-2.28045223581448	-4.29174148172765	-3.96570875410093	-3.23230653950116	-2.23657487037081	-2.23618871871158	-1.26474510137689	-1.40386977511236	-1.07543713265238	4.93270232089355	32.5469425092789	7.59643033335847e-06	2.30802744022818e-05
PHO81	1.89373925497172	1.83208049504917	1.94856588909681	1.82699483738443	1.92648889084687	1.94537119636749	1.85251669100997	1.7308863627502	2.06147236423278	7.92560789984408	32.4944345414466	7.64960143314533e-06	2.32148773927628e-05
INO1	-0.106725600116448	-0.0641436853634492	-0.618773170280152	-1.33319322410235	-3.66244570751268	-4.70291907502085	-4.09495597518124	-3.16882124437166	-3.51017756408101	11.625390237385	32.480101220723	7.66419458627215e-06	2.32290989722684e-05
DOG2	1.25563858124376	1.97447364180244	2.0333447113135	1.94616350583211	1.57734661168159	1.54554038739443	1.68950106867427	1.76104325010605	0.907290990467946	8.24864620903152	31.0185616853112	9.34850900420135e-06	2.71075629461553e-05
ALA1	-0.725572659821445	-2.20382324891739	-3.85529180184162	-2.90002077663124	-2.04444541481961	-1.28443138753873	-1.10401059767407	-1.58595494926852	-0.898728129560517	7.75163113957496	31.0160893611303	9.35172085592292e-06	2.71075629461553e-05
UTR2	-0.889077398588622	-1.81028421248291	-1.41793061145378	-1.19080463718347	-1.99961453167924	-2.97228524656577	-2.6355468866005	-2.2913148857141	-3.39708304246675	6.38653531697428	30.9638495391456	9.41990258952232e-06	2.72448563846129e-05
YPS4	0.812386972779575	0.85381568854975	0.821179398892565	0.458843049156689	1.24835649867447	1.95190757688492	2.17937861454015	2.08591908663847	2.11471018674191	2.71235910833776	30.8631694695076	9.55302592615479e-06	2.75385962133372e-05
HSP78	2.95836889138563	2.87556489635274	3.17289124124029	3.24872581269982	3.0061379985465	2.9463684850495	2.8540128611749	2.8061715975411	2.80754233643663	8.64621183594527	30.3997853279187	1.01961552844616e-05	2.90181216397488e-05
PHO88	0.344149501358128	-0.631345717581254	-2.12804277502285	-2.21050600204597	-2.06009646774876	-1.75523434163921	-1.80081098984015	-1.90386671767715	-1.62677750028246	7.4158559753913	30.3976067372054	1.0199301588756e-05	2.90181216397488e-05
TRR1	0.603889092881417	-0.696246487605594	-1.58912078380545	-1.43669007992577	-1.36739515632365	-1.33859115812689	-1.52373993849583	-2.02487242013467	-1.81209119045177	6.09703766354611	29.1737463401208	1.21707678710646e-05	3.38005144854235e-05
ERG11	-1.37297162746012	-2.27891467346599	-2.33694387324401	-1.63893514254123	-1.23030337623424	-0.797854279847304	-0.425977833464152	-0.667119797760455	0.016773094779527	8.60471416480736	29.1477466546143	1.22174677195925e-05	3.38942466942591e-05
PSE1	-1.15954016859246	-1.92495678421572	-2.14319997488453	-2.04108920721846	-1.96082551134683	-1.8620413583793	-1.86200112539876	-2.16815015162265	-1.615423548748	6.98586926359845	29.0475713729789	1.23994557086715e-05	3.43082191516359e-05
BMT4	1.15132129536072	2.02709062854695	2.10928110438215	2.15971452900138	1.93444884589438	1.81442636291136	1.38730706430185	1.6732660439741	1.51290410869969	4.06679136800947	28.0007369656876	1.45139701800339e-05	3.88250556425536e-05
GCN3	-1.0903287755152	-2.13064183591908	-2.52316859822857	-2.09969826063554	-2.058962555337	-1.51271792506217	-1.81006175752545	-1.890475720342	-1.6303754564756	5.56052694741852	25.7986409346127	2.05997889960291e-05	5.1403892770433e-05
VIG9	-0.0284837838097989	-0.490490101046328	-1.63814388961	-1.10660142557973	-1.4626584215318	-2.04347028931183	-1.97965969616748	-1.28987072825899	-1.73047548607857	9.25713941414007	25.5306209211504	2.15376177674183e-05	5.30835353165888e-05
SSB2	-1.20587200523829	-2.56787770141779	-3.09827494177581	-2.65303137622162	-2.63558146686864	-2.17421399683874	-2.069253752761	-2.56996296647884	-1.73359729662642	8.73271298454207	24.1198449202058	2.74291641213461e-05	6.4885528321395e-05
OYE2	0.723124746983041	0.61500244054035	1.78543018739917	1.83847309089449	2.39759997286389	2.36982188205649	2.50846773123561	2.62570842967665	2.13008351276761	4.2702656472877	23.9963509697222	2.80334465466309e-05	6.61356884504789e-05
RPP0	-1.54537314248125	-3.16791455886124	-4.94880093813307	-5.12858093115039	-4.64754475367095	-4.51961233572259	-3.57022290595733	-3.92711436053569	-3.09366426578167	7.93296409288873	23.8094869759434	2.89790074450456e-05	6.79232537291082e-05
STR3	2.00040393137968	3.95217599363334	3.60949622158503	3.69450403818984	3.64955104130887	2.87847019710411	3.08707009557442	3.33302939078245	2.85176607993859	4.0114403858836	23.6003130864261	3.00840416087342e-05	7.03080168846979e-05
MT-I	4.68096400760275	5.80651738447533	7.36644887078613	7.65327707868751	7.61010516992683	6.96433527660426	6.44948566234432	6.03557992616917	6.29479407305138	5.10953090415678	23.2683280870842	3.19454363506665e-05	7.40191975610737e-05
EPA20	0.178063190853033	0.89437899494275	4.20737998833541	4.78645987784514	5.61959190459779	6.76571411508789	7.18308021910504	7.5989223152398	7.71141985014377	1.47583945259272	22.9850579792028	3.36458018610824e-05	7.76270483661378e-05
PST2	1.16894830291119	1.9966308933892	2.2483050089217	1.94063222999166	1.66573626626718	1.23147704880559	1.28247561446324	1.62875329427887	0.549556456147709	8.49585706282826	22.1280098448357	3.95074260567859e-05	8.9032016963958e-05
PDR16	-0.660824370869409	-1.38713249629535	-2.16321844864466	-2.05560733533487	-1.95709302295048	-2.34280535263006	-2.31500731939281	-2.15356712067138	-1.75829212884725	5.77094798416264	22.052311283739	4.00829022486528e-05	9.00961757285091e-05
MCX1	-1.07530524236029	-2.13002630097457	-2.36965140237863	-1.96834164710539	-1.52746644174332	-1.39465488070366	-1.38166997497255	-1.56986292131757	-1.0960107086482	5.4477119966291	22.0364845263019	4.02045098719224e-05	9.03307335534395e-05
HXK2	-0.517593646819792	-1.29449548136041	-2.63922290259279	-2.84081890840863	-2.75594478713408	-2.36218302061368	-2.40610024286782	-2.48924659288621	-2.0338628139939	8.4831295851398	19.7130177836508	6.42073686563199e-05	0.000135370751073635
DIP5	-2.16391695070934	-2.84637333766538	-3.36128277493165	-3.57672979222743	-3.52940515291056	-3.67414264888502	-3.36943627201532	-2.88597297143568	-3.10156112096436	4.30736885928264	19.1725485662471	7.21161739500876e-05	0.000149931410315466
PUB1	-0.554500519907114	-0.956970599140045	-1.53596229064035	-1.50471381933606	-1.82263853967156	-2.04025103995667	-1.72798299607102	-1.43919282640541	-1.71530378675129	7.24963700536441	18.8962582012102	7.66174339703496e-05	0.000158221801512734
PEX21B	0.82716320445106	1.67872382949275	2.04401399891263	2.15055674524104	2.23450200023715	2.10019828123687	2.20945785831469	2.95873336794088	2.56170677593289	3.20537654983447	17.1068556969187	0.000115784981951085	0.000225038013718152
MET8	1.61918896403728	2.61695271619413	2.35274110345538	2.33267650317046	2.22631175794052	1.82346902179113	1.63865113456561	2.12034726609821	1.79773317787244	4.51643212216364	16.2805113836801	0.000141999968400415	0.000268170935994291
STE2	1.47868745145504	0.540805804523029	1.94865958145179	2.66562744386231	2.27399812035672	2.68093188900218	1.7295850981085	2.14963683651566	2.17280528655853	0.0714468728469923	15.4495077805242	0.000176041560352855	0.000324042745586216
SIT1	-1.96772644512061	-1.66589869438327	-2.20152148348006	-2.54228405020912	-2.30333830309277	-1.32518326795479	-1.49271502612156	-1.91096441163981	-1.00231368517353	7.34528330402276	15.2188532329228	0.000187205463097287	0.00034111402691065
GRE2(A)	1.67571443327271	2.25061348076018	2.35825805817374	1.9284804134656	1.52849775981166	0.815043659595536	0.981444578972267	1.45607508790347	0.543358849858356	8.08013929283568	14.9781813234015	0.000199788625392703	0.000360901812950587
GPD1	0.82477975115658	0.890459674248804	1.00396540114043	1.00230981021752	1.3568332684921	1.73211283495006	1.76395540395804	1.52181739209925	2.07190056266682	9.14404391438989	14.9117868479198	0.000203439922263597	0.000365982128195853
TEF3	-0.928515150508895	-2.04776139070525	-2.4901317936036	-1.8430615195319	-1.2763482921983	-0.705310055940945	-0.573919337220298	-1.08966256261075	-0.173570979898397	11.5848527284398	14.4871795447834	0.000228817615114565	0.000405504473637355
AWP7	0.378175462585001	0.102518512341474	1.90644188494264	2.62829267671284	3.46195492764034	4.17488061110513	4.46004057656319	4.83709820490936	5.32729246359848	1.46812148338894	14.4368633277114	0.00023207449268443	0.000410442557163173
GRE3	1.4155339801738	2.13117672022334	2.48037542127554	2.22384225199419	2.03871053085969	1.58313636310294	1.82913505312599	1.98735682676927	1.30516443509475	9.94838131825116	14.2226369523843	0.000246589890943216	0.000432461668036092
HSC82	2.30074803792872	0.549191702868518	-0.339864501956193	-0.35049889194803	-0.451367559918792	-0.504526452361633	-0.545037249861501	-0.407595303288456	-0.289704173969589	9.98386238652142	13.6811936616012	0.000288517565132133	0.000496511983388137
YPS6	0.754038621334989	1.50079686633166	1.60230912744067	1.69824513183469	1.88890385048338	2.48170493091291	2.32047617234845	2.04510296253587	2.42432544869537	9.11856994067181	13.6327894164804	0.000292674425076934	0.000503004141588231
PET117	0.904281767519856	1.87926844879955	2.51278930513089	2.40810966981733	1.4879432899485	1.08743788949575	1.27518368715377	1.33520323974297	0.703782920705606	5.68459839905588	13.3792846318162	0.000315677047270584	0.000537071609509751
ZWF1	1.34619286384916	2.14968563053079	2.42674538253847	2.13398277159251	1.77891677144965	1.13771600198696	1.34443840083528	1.75347799021635	0.716113960952772	9.24587218447703	11.6282395293966	0.000552594466553444	0.000877413415956105
FKS3	-0.0161856945459508	2.15209669410577	2.76962620741654	3.0778068369009	2.85437198591036	2.71474682368337	2.01179248723779	1.91557357984926	0.949359304215235	2.56655884519978	11.1141497379415	0.000660453836482791	0.0010299302454535
PGM1	0.651027350769684	2.25863031759411	2.25977800729742	1.73574054361014	1.30563069343694	0.61295732283151	0.947348334667196	1.38697602970521	0.345123609159404	8.91289593138757	10.1481249387787	0.000941999044237006	0.00141705890706343
EPA22	0.889745349539003	2.39928217634842	3.36576918443133	2.99279167079561	4.12607560828419	3.46475231799853	4.55422275140913	3.96412948447942	3.75330756503304	-0.962850009853184	9.66221462858021	0.00113862292759873	0.00168619265232797
AQY1	0.268891576220973	2.12067054767549	5.33399883179006	5.32526413116373	5.38072954011579	4.27626335840674	4.75649319115088	5.00633304722138	4.82034356075992	3.53639123783119	9.07241808304865	0.00144912961354353	0.00210202092737611
BMT6	1.03762238107485	2.41738966082115	2.48410579601594	2.69624923164335	2.43921948726209	2.57656558272377	2.72343103599943	3.32079518106672	3.03718276482586	2.08244473451896	9.00558011738871	0.00149049218548691	0.00215604492705829
SSA1	2.05958322535808	0.0273759290513578	-1.50369836448328	-1.64462521558615	-1.00631987411067	-1.16032198487765	-0.734236693739801	-0.860278932249898	-0.396097759706569	9.54979613906924	8.91195722517666	0.001550875961321	0.0022341319916113
TNR1	1.22125174848402	-0.413330743902595	-0.342830251526021	-1.3968741838048	0.150967035653714	0.773787682304972	1.83133127619051	1.15441930093432	2.75715913020683	0.280135387777059	8.67161884742545	0.00172007284561017	0.00246094051565161
DUR3	-1.41272520602806	-2.58365910884739	-2.55450767979546	-1.83409358712704	-1.12296182426282	-1.38792617685582	-0.392358507089685	-0.663427820738534	-0.622298510613404	5.10615334012339	8.44206074831089	0.00190311743186547	0.00269629763350899
TIR3	0.18851944685115	0.244036967854041	1.24659715789334	1.60708759364524	2.38398774543598	2.01641585062629	2.79682088218459	2.77361602171759	2.19748961536304	3.79040566107666	8.41739915337962	0.00192416236007303	0.00272390209707472
HBN1	0.9175272407108	2.05226859904784	1.90277729217544	1.71373815709735	1.29850330284333	0.995049328087119	0.163305803349922	-0.0560733544723506	-0.50511993773666	6.10623473903464	8.20108358271242	0.00212144043396001	0.00298461184406897
PWP1	0.780635370671926	1.27818705433759	2.0200527215094	2.04890862825281	2.08609033694357	2.52195160140784	2.40010714592847	2.31759303236152	2.41133265521636	6.19359316432981	7.8576540402899	0.00248787831714488	0.00344642577143516
SOD1	1.53190638699652	1.73348845587253	2.89544171816047	3.11396968506762	3.56502299404922	2.8274732791278	3.86936423602881	3.90072942069261	3.53782892495762	9.6724359958338	7.04309494278677	0.00371692385473224	0.00499437792082219
GPA1	0.357493658074539	1.51856443826824	2.46312297282506	2.44674990365483	1.97573711162803	2.62821227247653	1.98915014430795	2.28003369582832	1.7882146566837	3.44230043031953	6.55926133249393	0.00480160609789481	0.00630617358817846
PWP7	-0.0764540455215252	-0.30541222729231	0.530584596883	0.680190622321685	0.85447896798394	0.545968217789925	1.83334089277984	2.11932502761696	1.81809998718845	4.78258412262233	5.9608886592289	0.0067291980065004	0.00863838929966395
MET28	0.105854430407799	1.23279476896658	0.907562134762714	1.59860361536169	2.04401922450902	2.49328268520246	2.50947002761555	2.28320546164197	2.75395316695472	1.78891100584076	5.70752294868898	0.00782293729398881	0.00992801860218944
PDH1	0.500652123749028	1.46566295620206	1.97867773274916	1.59824517972449	1.63815494584699	1.45927752996685	1.87717555090905	2.23271927052981	1.69262517578278	7.23432697498754	5.46807851068969	0.00906100777241056	0.0113833394980968
AED2	2.13105967204705	2.67884921951653	3.18954798641852	2.53190241298378	4.01714166420566	4.31995242891228	4.47755456781238	4.71573527498275	4.55114034544623	0.880977724309545	4.6198821120583	0.0158737269087988	0.0192136324549275
AWP8	1.13822059648594	1.97826525020523	-8.88178419700125e-16	0	-1.77635683940025e-15	-1.33226762955019e-15	2.07499649563378	-1.33226762955019e-15	-2.22044604925031e-15	-3.21453107472935	3.85361698901242	0.0280744775985734	0.0326890325241396
EPA12	0.595904797288669	0.162604256296141	0.416800410469665	0.764620418484759	2.06343202332982	1.85623760071593	2.17308356108422	1.55943391502887	2.32014147375097	0.445452349672258	3.80559014934134	0.0291639865037929	0.0338672292252342
HIS3	0.889745349539004	2.22044604925031e-15	-2.22044604925031e-15	0	-1.77635683940025e-15	-1.33226762955019e-15	7.54951656745106e-15	0	2.1913121200708	-3.46965844942743	3.40905807096908	0.0404093981355049	0.0462187457372445
TIR1	-0.552664167841895	-1.01535422462057	-1.03723287677886	-1.3798379826628	-1.41429498210064	-2.41237117446898	-2.05513951153318	-2.06936658100907	-2.52422654225123	7.79407771853947	3.32582740795175	0.0433937754840077	0.0493947411739031
