genes	del4.20min	del4.30min	average.d4	wt.20min	wt.30min	average.wt	minus
CAGL0C04191g	1.60897466775508	2.85371426019833	2.23134446397671	1.3619006943359	2.85896340232508	2.11043204833049	0.120912415646213
CAGL0D05082g	2.79558709330303	3.90418521604474	3.34988615467388	2.64363336916931	3.92581868838185	3.28472602877558	0.0651601258983066
CAGL0E05148g	1.99647825742887	3.40806805456175	2.70227315599531	1.71042566370905	3.25721912680733	2.48382239525819	0.218450760737119
CAGL0I07865g	3.4983222903189	4.63438605771405	4.06635417401648	3.32540081174724	4.69810486097008	4.01175283635866	0.0546013376578198
CAGL0G05544g	2.46263721315999	4.6164449795794	3.5395410963697	2.04648576567155	4.87534205247555	3.46091390907355	0.0786271872961488
CAGL0I05896g	1.90526877426339	2.65100871201026	2.27813874313683	1.55482646229311	2.52477013655952	2.03979829942632	0.238340443710512
CAGL0F07777g	2.6792521223672	4.74021115640799	3.70973163938759	1.89810135305749	4.48733644831186	3.19271890068467	0.517012738702921
CAGL0L02827g	2.02927852071381	3.23774395926651	2.63351123999016	1.60921247052971	2.7785319673941	2.1938722189619	0.439639021028261
CAGL0L02717g	1.45709128395001	2.47920094440573	1.96814611417787	1.31415149803988	2.49960100420713	1.9068762511235	0.061269863054366
CAGL0C02321g	2.79577101788769	3.16023383619656	2.97800242704213	2.58098088775498	3.3622576076275	2.97161924769124	0.00638317935088883
CAGL0L00957g	2.08809897135178	3.26487554750693	2.67648725942936	1.72449697662053	3.00684112328761	2.36566904995407	0.310818209475284
CAGL0L10582g	1.85379386733297	3.08080833575542	2.46730110154419	1.54529945343194	3.04954201415249	2.29742073379221	0.16988036775198
CAGL0G09020g	2.49346022528883	3.27135369322369	2.88240695925626	2.28132718142762	3.44028055967402	2.86080387055082	0.021603088705441
CAGL0M04675g	1.89497156116401	3.1651410372255	2.53005629919476	1.66236107909776	3.09590732408748	2.37913420159262	0.150922097602135
CAGL0G05335g	2.00500802696365	2.93912626415385	2.47206714555875	1.46448160155946	2.80687866924075	2.13568013540011	0.336387010158647
CAGL0H08888g	2.10038423563651	3.09273965598474	2.59656194581063	1.82794653640493	3.30528361024601	2.56661507332547	0.0299468724851604
CAGL0K10164g	4.97846170287449	6.81729012219332	5.8978759125339	4.48901229013712	6.7964650639343	5.64273867703571	0.255137235498193
CAGL0B02563g	1.71326996389262	3.46313858188371	2.58820427288816	1.58351323151653	3.31049085714812	2.44700204433233	0.141202228555838
CAGL0J04884g	1.90168595630388	3.39834807517322	2.65001701573855	1.204754252854	3.39750556397939	2.3011299084167	0.348887107321855
CAGL0A00341g	1.62934507112169	2.91072908699989	2.27003707906079	1.36065351053757	2.93278555069584	2.14671953061671	0.123317548444085
CAGL0J01331g	1.88215493733091	3.08859158860226	2.48537326296659	1.71356645679827	2.93316403912774	2.32336524796301	0.162008015003579
CAGL0E01837g	1.43174706161034	3.2821157696837	2.35693141564702	1.13912554549007	3.07253319012417	2.10582936780712	0.251102047839901
CAGL0J10494g	2.30660811659667	2.9687971285589	2.63770262257778	2.32752392388732	2.83652394624637	2.58202393506685	0.0556786875109343
CAGL0L03938g	1.62536573998135	2.53884661534428	2.08210617766282	1.31563328819457	2.55007742862548	1.93285535841002	0.149250819252793
CAGL0H07601g	1.20202647214118	2.86114141361857	2.03158394287988	1.17098817130081	2.48425501550515	1.82762159340298	0.2039623494769
CAGL0L05720g	1.44261134091812	2.6490155480314	2.04581344447476	1.37589515088726	2.71354677177464	2.04472096133095	0.0010924831438115
CAGL0F04895g	2.53207950447676	4.40922279798447	3.47065115123062	2.15015736941228	4.41014444508025	3.28015090724627	0.19050024398435
CAGL0K03421g	2.90955884740499	5.26988940115168	4.08972412427833	2.51207707242988	4.85408088456894	3.68307897849941	0.406645145778921
CAGL0H03971g	1.65063431893142	2.93851768280264	2.29457600086703	1.22194649248986	2.68001099146642	1.95097874197814	0.343597258888885
CAGL0F00869g	1.65712018242761	3.24247116611065	2.44979567426913	1.26032505801885	3.22996007630205	2.24514256716045	0.204653107108681
CAGL0C03113g	1.32362525671051	2.29449663909084	1.80906094790068	1.36159915230854	2.25295446917978	1.80727681074416	0.00178413715651438
CAGL0M05467g	1.91386629824253	2.90972558843284	2.41179594333769	1.46156054234535	2.35835876689227	1.90995965461881	0.501836288718873
CAGL0I01100g	1.46621258747676	2.82133971038501	2.14377614893088	1.2608799691204	2.77670099175126	2.01879048043583	0.124985668495051
CAGL0H08261g	2.05154688905764	3.57595302122642	2.81374995514203	1.97391071427375	3.30578713958424	2.63984892692899	0.17390102821304
CAGL0G05830g	1.92143174288277	2.80080637513576	2.36111905900926	1.59728975469484	2.91351524641881	2.25540250055682	0.105716558452442
CAGL0C04587g	1.37991802406466	3.42084779596314	2.4003829100139	0.898587739667178	2.72578172252767	1.81218473109743	0.588198178916478
CAGL0K10626g	2.54833458231772	3.57357829191034	3.06095643711403	1.64795618334734	3.27997237253059	2.46396427793896	0.596992159175069
CAGL0H08173g	3.17235952338111	3.59761605979442	3.38498779158776	2.89757088268978	3.33765031196067	3.11761059732523	0.267377194262534
CAGL0G05357g	1.74112264014085	2.69029106338497	2.21570685176291	1.54147789958639	2.82465260361945	2.18306525160292	0.0326416001599918
CAGL0A03740g	1.62072850627579	3.00596198039627	2.31334524333603	1.81148217241015	2.65192401399694	2.23170309320354	0.0816421501324873
CAGL0L06864g	1.86719127010966	2.63566885219702	2.25143006115334	1.71717727957116	2.72293605779096	2.22005666868106	0.0313733924722777
CAGL0L01925g	1.83440590739293	2.68746306936453	2.26093448837873	1.56662094317918	2.77293370921242	2.1697773261958	0.0911571621829328
CAGL0I08305g	2.10471359408409	3.39434398440776	2.74952878924592	1.83839047164389	3.36387607614766	2.60113327389577	0.148395515350149
CAGL0L08426g	2.41912362195199	3.43034974777903	2.92473668486551	1.76925876541485	3.79184916393773	2.78055396467629	0.144182720189217
CAGL0J09812g	1.67085361860865	2.56968684456268	2.12027023158567	1.55752020060033	2.65799483692373	2.10775751876203	0.0125127128236402
CAGL0L00473g	1.7887586359783	2.30638096950636	2.04756980274233	1.63026816981987	2.42937977571479	2.02982397276733	0.0177458299750013
CAGL0M03377g	3.30947460436706	4.71181402395694	4.010644314162	2.68769504656534	4.86634102967811	3.77701803812172	0.233626276040277
CAGL0H02695g	2.46861530672285	3.37314603107212	2.92088066889748	1.81225917520947	3.49003958959692	2.6511493824032	0.269731286494289
CAGL0C01397g	2.87723327432891	3.71693177475381	3.29708252454136	2.41842494949944	3.7900413766505	3.10423316307497	0.19284936146639
CAGL0K10868g	2.69697517701945	3.69452665909411	3.19575091805678	2.43001619057943	3.51932451884157	2.9746703547105	0.221080563346281
CAGL0G02937g	1.3043764407295	3.1470514949875	2.2257139678585	0.770207635701067	3.30836561622898	2.03928662596502	0.186427341893476
CAGL0F04631g	4.13150602222591	7.22504117863583	5.67827360043087	3.72162565893396	6.96676592841948	5.34419579367672	0.33407780675415
CAGL0D03982g	1.49127753721908	2.41960943200296	1.95544348461102	1.4140499220047	2.39624049473304	1.90514520836887	0.0502982762421489
CAGL0C02365g	2.43888195089314	3.27758528561605	2.85823361825459	2.06888348859121	3.48986123505281	2.77937236182201	0.0788612564325826
CAGL0K03575g	2.06758520255315	2.73829580048924	2.40294050152119	1.71589089909168	2.69529343329502	2.20559216619335	0.197348335327841
CAGL0A01716g	1.59422941807156	2.93862318987788	2.26642630397472	1.84839087909757	2.5089544585685	2.17867266883303	0.0877536351416879
CAGL0I05874g	1.75176792591449	2.93660151832672	2.34418472212061	1.43105271377067	2.96209425406323	2.19657348391695	0.147611238203657
CAGL0M09020g	1.21030298739505	2.79276936136709	2.00153617438107	0.709641646057276	3.16409555289387	1.93686859947557	0.0646675749054986
CAGL0L11902g	2.77041156633984	3.82108927493809	3.29575042063897	2.35181656949706	3.68583769518886	3.01882713234296	0.276923288296008
CAGL0D06512g	2.08336411354498	3.11033126082691	2.59684768718594	1.5981355910877	2.99301548688883	2.29557553898826	0.301272148197681
CAGL0K07634g	1.77965718519376	2.29724087629053	2.03844903074215	1.53211262074299	2.37290321608867	1.95250791841583	0.085941112326315
CAGL0K05687g	4.14068513371837	6.55176684106928	5.34622598739382	3.17327595212316	6.65666423750926	4.91497009481621	0.43125589257761
