genesymbol3.20m	logFC	AveExpr	t	P.Value	adj.P.Val	B
CAGL0A01243g	4.42637651117692	11.909706760598	49.8544046215377	2.15751133975838e-12	8.51112702138544e-09	18.255515474249
CAGL0G06050g	9.62748982261518	7.77283818243811	47.6459671041712	3.25162445898202e-12	8.51112702138544e-09	17.9693368492185
CAGL0B02475g	8.75758323874854	11.7221299034515	43.3689054760404	7.61583665626406e-12	1.32896349651808e-08	17.3456792863882
CAGL0K07546g	8.61302546159395	10.9560755763681	41.7868789932638	1.06578365151358e-11	1.39484435391839e-08	17.0887129461948
CAGL0A01650g	3.00496567019288	9.3385542249989	30.3077001861915	1.93438872841385e-10	2.0253049986493e-07	14.6504148557186
CAGL0G06952g	2.12973978970396	9.42475057253091	29.3677579384012	2.56863382208637e-10	2.15657915362294e-07	14.3931928989829
CAGL0L05456g	2.42086662519794	9.1811185821443	28.9925618873785	2.88367795135828e-10	2.15657915362294e-07	14.2874300884378
CAGL0M10351g	2.10530689902712	8.1034170400022	27.7561292980078	4.2673255948453e-10	2.79243118612689e-07	13.9257283901721
CAGL0H09262g	2.40149385723729	3.48548337468082	26.8209537464672	5.80627952010268e-10	3.37731925419306e-07	13.6379643867157
CAGL0G02717g	3.40394931426152	6.90017444643789	26.3863120396184	6.72382837757527e-10	3.51992415566065e-07	13.4998112849855
CAGL0J07040g	2.43609296327186	9.2442323848056	26.0691323804577	7.49489621903754e-10	3.56688924606014e-07	13.3971589660241
CAGL0J02552g	4.38080337347698	5.61660188542963	25.717656939714	8.46586200146124e-10	3.69323229813746e-07	13.2815515342553
CAGL0L04378g	3.76057281343449	8.46054625559588	24.8790337481087	1.13974572153918e-09	4.58966834789049e-07	12.9975444128027
CAGL0C02321g	2.63490770347379	8.46425878486022	24.631664748344	1.24655093384337e-09	4.66121009905005e-07	12.9114953910241
CAGL0H08844g	2.81688730593893	9.27469390869057	24.1471091585278	1.48945360184797e-09	5.19819307044942e-07	12.7398184291653
CAGL0E06072g	2.21492633035897	6.92527571291407	23.3157098751391	2.03830607811933e-09	6.66908269934669e-07	12.4352438292982
CAGL0G04829g	2.02822196852908	7.19428624138462	23.0861564334717	2.22698698080702e-09	6.85780990854398e-07	12.3488318212703
CAGL0B03201g	2.06994944632445	5.85539216956888	22.4028817101966	2.91335141947325e-09	8.47299704496805e-07	12.0854145587149
CAGL0D00990g	2.66429386507472	7.53230521736953	21.5533775599108	4.11482528534354e-09	1.13374265098807e-06	11.7443280548264
CAGL0L05258g	2.84905050914352	6.30287432713697	21.3927464558979	4.39893326976195e-09	1.15142078336019e-06	11.6780609045474
CAGL0E01881g	2.56347340852953	8.72634330301846	21.0139186923787	5.15906284946373e-09	1.28608066747346e-06	11.5194599694288
CAGL0J02508g	3.87618144548916	8.36794952914437	20.642251653154	6.04872924685207e-09	1.40854594468562e-06	11.3606103918046
CAGL0C05027g	3.27061925834964	7.15898143172217	20.5894226510387	6.18845400721477e-09	1.40854594468562e-06	11.3377643837212
CAGL0G01540g	4.17273059406171	9.47703477553697	19.9257816814407	8.28515068500992e-09	1.77665517064506e-06	11.0449291868248
CAGL0M11660g	5.03721990074029	9.48320446962244	19.8726172226495	8.48450415780831e-09	1.77665517064506e-06	11.0209911935684
CAGL0A01606g	2.68796352443361	4.97250492715004	19.3442705219993	1.0782274224013e-08	2.01590019866815e-06	10.7790904782003
CAGL0B02926g	8.45510474696947	7.51385599670587	19.112539153604	1.20011424048098e-08	2.16641312031653e-06	10.6706401664573
CAGL0E06380g	2.85643839493764	7.62655933965099	18.9535347279952	1.29255866377914e-08	2.19642849718821e-06	10.5953724990769
CAGL0G05269g	3.53098185705895	7.24372590531215	18.9402130196686	1.30065488849732e-08	2.19642849718821e-06	10.5890344902101
CAGL0D05082g	2.6912824849214	8.85710277980773	18.8589123963464	1.3512991695675e-08	2.21064098521434e-06	10.5502466098265
CAGL0A04257g	-2.70040188920949	5.38502077624103	-18.4378622852313	1.65110305859586e-08	2.43657421585117e-06	10.3463534286466
CAGL0H03289g	2.24767255459111	6.63994974588748	18.3673306965737	1.70819182048765e-08	2.43657421585117e-06	10.3116956248287
CAGL0H02893g	2.2315963967474	7.75049790245918	18.3642686282572	1.71071931785788e-08	2.43657421585117e-06	10.3101876659674
CAGL0M12705g	2.02097380116938	8.76964187963763	18.350512606867	1.72212504272194e-08	2.43657421585117e-06	10.3034099006598
CAGL0H02387g	3.81989160968383	9.31005789972182	18.0451500876004	1.99831358195388e-08	2.68235169269963e-06	10.1514993440199
CAGL0J10494g	2.36354149522025	6.88161098538571	17.9573994060564	2.08650539342353e-08	2.73071393364304e-06	10.1073237913693
CAGL0E01859g	2.85365765348195	6.42606513228627	17.7629654294607	2.2976827579824e-08	2.88846673103875e-06	10.0085959844433
CAGL0H02717g	2.13503189234868	4.06751587208615	17.7458344949869	2.31739451200817e-08	2.88846673103875e-06	9.99984099864919
CAGL0F05709g	-3.71068084745513	2.87066438187476	-17.6681751477116	2.40913298635283e-08	2.93297934501327e-06	9.96003653245076
CAGL0F04499g	-2.37252926190812	5.04020704891482	-17.5014953403282	2.61991756094489e-08	3.11710646171511e-06	9.8739590743425
CAGL0L10186g	2.83905029200018	7.58376517170076	17.1408153912995	3.14956357926509e-08	3.55585376870073e-06	9.68462009534301
CAGL0G02849g	2.84154686617843	7.61509277401541	17.1145962805302	3.19245706072463e-08	3.55585376870073e-06	9.67068931338702
CAGL0H00704g	2.61540160415858	9.03749248139169	16.9935380558417	3.3990715039058e-08	3.69721888270707e-06	9.60606979246971
CAGL0M07227g	-2.21966040606471	5.79970637019513	-16.892478082392	3.58292019716089e-08	3.75131744642745e-06	9.55174591435676
CAGL0I10670g	-2.58588321543217	4.24661814203911	-16.5238484410488	4.35303723748763e-08	4.14329998877232e-06	9.35060782530042
CAGL0G01991g	-2.13220286497519	5.93906696035269	-16.433890700659	4.56768667877851e-08	4.26997138632241e-06	9.30079858734606
CAGL0D01254g	3.91013052509215	0.943316377964726	16.3668833465613	4.7351879615471e-08	4.28330870043937e-06	9.26350866782965
CAGL0H02101g	3.41245638979125	8.73203159276863	16.3002257786359	4.90858547124588e-08	4.28330870043937e-06	9.22625271402557
CAGL0I10010g	4.39049138270163	2.63607540840587	16.299980508974	4.9092363328818e-08	4.28330870043937e-06	9.22611533164916
CAGL0F00605g	2.73718605199453	10.8932012796401	16.2194886693601	5.12808473743089e-08	4.32992316136301e-06	9.18091123914513
CAGL0K09614g	-2.40793728292224	6.64264783618365	-16.0134435549183	5.73913816234758e-08	4.76895052061739e-06	9.06411030262328
CAGL0K10824g	2.60533402061985	6.37282912701578	15.9551553467643	5.92631498332571e-08	4.77296291349386e-06	9.03078144502747
CAGL0E01727g	-4.74903565454172	5.43172178196581	-15.7102469867541	6.790069132788e-08	5.13927842202498e-06	8.88933580713508
CAGL0I04554g	2.05821762512162	9.17708346842873	15.6649229830778	6.96472649103923e-08	5.13927842202498e-06	8.86290649006465
CAGL0K01551g	-2.49157446691386	4.68538759969508	-15.6598935624737	6.98441192624999e-08	5.13927842202498e-06	8.85996881992385
CAGL0G09977g	2.51715704652342	9.87648441748947	15.6450071721213	7.04303977201587e-08	5.13927842202498e-06	8.85126795312735
CAGL0M12881g	-3.2749045455294	7.43685011112269	-15.6386232502763	7.06834854605155e-08	5.13927842202498e-06	8.84753400400389
CAGL0I07865g	3.32129188127562	8.58668508588607	15.177303138669	9.19374240667191e-08	6.17041557678557e-06	8.57343096979288
CAGL0A01782g	-2.24874227025528	9.37524079489144	-14.9189139503702	1.06871775941983e-07	6.52418644684523e-06	8.41611666852757
CAGL0H08305g	2.1562801618208	7.99701113988638	14.827899819507	1.12756028633112e-07	6.52418644684523e-06	8.36003744769344
CAGL0L04268g	2.02064171262852	7.86276556447538	14.8158808274966	1.13559512632937e-07	6.52418644684523e-06	8.35260548849783
CAGL0L04598g	2.8439058700592	9.41133873085626	14.8088446259455	1.14032828458595e-07	6.52418644684523e-06	8.34825178014892
CAGL0L03846g	-3.78271086018979	5.49307839898359	-14.798458022121	1.14735513834759e-07	6.52418644684523e-06	8.3418211125194
CAGL0I03630g	-2.20579496210433	4.61550049577954	-14.7837688702079	1.15737468764127e-07	6.52418644684523e-06	8.33271871764972
CAGL0A04675g	2.24041867440699	5.70974402177197	14.7801371495421	1.15986679808794e-07	6.52418644684523e-06	8.33046683101212
CAGL0D01474g	2.32512786339923	5.2043423757218	14.7454797381553	1.18394978500534e-07	6.52418644684523e-06	8.30894863715318
CAGL0M05203g	-2.25610922922821	5.11098388998214	-14.7137113800021	1.20651172616693e-07	6.56285130496336e-06	8.28917876304334
CAGL0M04763g	3.07384974216363	7.28694328787942	14.5205352865826	1.35437583174654e-07	6.88364803805161e-06	8.16801759541016
CAGL0H02079g	-2.05545438302722	4.77173231482532	-14.4156964266267	1.44293504137172e-07	7.1940618491247e-06	8.10157387687973
CAGL0H08173g	2.89798704025909	8.32594661092747	14.3844035619818	1.47059547524565e-07	7.2627993518028e-06	8.08164637440083
CAGL0C04939g	2.28620007982419	7.47636745017286	14.2836123433766	1.56374986005757e-07	7.49501591811416e-06	8.01716215992048
CAGL0H03377g	-2.53080772164309	5.25709071441245	-14.2425884136506	1.60351820979711e-07	7.49501591811416e-06	7.99078401164952
CAGL0C03369g	-2.408689531918	6.59018732426	-14.1891319065112	1.65702622901254e-07	7.54307157293969e-06	7.95629644810862
CAGL0H02057g	-2.12127352295441	6.53405766614418	-14.0770485674242	1.7757446672135e-07	7.76291322395543e-06	7.88355851415608
CAGL0H08261g	2.05374372718834	5.61061842991491	14.0338809755674	1.82395095806403e-07	7.76291322395543e-06	7.8553887867867
CAGL0J02530g	4.36127475376101	5.14938600639845	13.985142232877	1.88012497382581e-07	7.81147161744293e-06	7.82347870077036
CAGL0M13189g	3.20905824508163	7.65956592738399	13.9437234579334	1.92936765165725e-07	7.89081223158258e-06	7.79627328567873
CAGL0G09020g	2.33264740347892	8.33816040683239	13.8470527816318	2.04994061670893e-07	8.25566525177771e-06	7.73246000029763
CAGL0B03817g	2.19568510515459	8.03724452765277	13.8014112996374	2.10974273190131e-07	8.33327951238716e-06	7.7021765516489
CAGL0L13156g	-2.78796022082032	2.75325865863286	-13.7722329039372	2.14898325534339e-07	8.33327951238716e-06	7.68276400865268
CAGL0A03652g	-2.74063454271564	4.63588612085741	-13.7027269006053	2.24574838116896e-07	8.51919766334748e-06	7.63635548457844
CAGL0J00473g	-2.5821937519392	5.95451546352546	-13.6564630643971	2.31282225331401e-07	8.58696772772968e-06	7.60533531870779
CAGL0I02926g	-2.04197744270443	6.44438476962498	-13.4213320092456	2.68979973051234e-07	9.38740105948808e-06	7.44604695106273
CAGL0D04884g	-2.19287192427851	4.99305575268625	-13.3886420044644	2.74738879766963e-07	9.39688577411915e-06	7.42368260382151
CAGL0D00880g	-2.76834021900523	5.55188630653537	-13.384975477166	2.75393254164913e-07	9.39688577411915e-06	7.42117084126172
CAGL0G07535g	-2.33666467829911	5.17940897408788	-13.3692091762927	2.78226799424731e-07	9.39688577411915e-06	7.41036234896493
CAGL0K04301g	2.16748857488233	5.43813920692201	13.2232915311691	3.06035695755101e-07	1.02044386450825e-05	7.309728301412
CAGL0I04328g	-3.29207166792031	3.91854283148818	-13.1658513815257	3.17813741460823e-07	1.05185290616525e-05	7.26981364554787
CAGL0M09977g	-2.40725417751139	5.10816079715191	-13.0266669657537	3.48485510392247e-07	1.09837406314654e-05	7.17238206924788
CAGL0M05775g	-2.30820808612497	5.17219499085358	-13.0146647023492	3.51279851931542e-07	1.09837406314654e-05	7.16393254854816
CAGL0G03289g	3.43600008877086	9.23484699243285	12.9954889574682	3.55795818269061e-07	1.09837406314654e-05	7.15041710567593
CAGL0B02882g	3.44536556418528	5.18814584493828	12.9832714529668	3.58706522910665e-07	1.09837406314654e-05	7.14179579093388
CAGL0C01397g	2.49322038460995	5.24653552578713	12.9140450106947	3.75704038413636e-07	1.13688476363895e-05	7.09279574070708
CAGL0F08129g	-2.87119002239526	4.85232127476373	-12.8434827949484	3.93950090646499e-07	1.17177768439456e-05	7.04258570530161
CAGL0I02376g	-2.88313260414298	2.17233323838696	-12.7750496406707	4.12584788361388e-07	1.22027195879767e-05	6.9936333571193
CAGL0H02937g	-2.46427275750548	5.58323003905763	-12.7257181375084	4.2662171502844e-07	1.24075815454105e-05	6.95818661792418
CAGL0C02739g	2.41722482113879	9.51045939904129	12.699640551272	4.34254413622846e-07	1.24225237995388e-05	6.93939484586214
CAGL0J02816g	-2.54733387238715	6.29709338610384	-12.5357205865227	4.85828343062746e-07	1.33858493470183e-05	6.82040947643934
CAGL0B02970g	2.81995792347678	6.84175585189582	12.4823833229562	5.04040727540559e-07	1.34496258978582e-05	6.78136887519609
CAGL0G01738g	3.64478732556438	8.85741896953003	12.4436676805803	5.17732612004647e-07	1.36197498685645e-05	6.75292980627843
CAGL0K09042g	-2.72337652740755	3.96056421608173	-12.4273440115663	5.23628184464995e-07	1.37059677283713e-05	6.74091349986642
CAGL0J00957g	-2.43076596714924	5.70476945778287	-12.3334631027173	5.59007709945048e-07	1.420585126972e-05	6.67150907903879
CAGL0M06589g	-2.09435170490686	3.93871224329411	-12.3076082304437	5.6920909896524e-07	1.43952156187586e-05	6.6523059393299
CAGL0M08822g	2.95836889138563	8.64621183594527	12.2294139271738	6.01333822882133e-07	1.49875832415182e-05	6.59399263589469
CAGL0L05500g	-2.14478329775429	5.08883464116309	-12.2162250479315	6.069470195228e-07	1.49875832415182e-05	6.58412187875047
CAGL0H09724g	-2.60113494048139	5.32263051129966	-12.1644676011164	6.29540720081869e-07	1.52929292774778e-05	6.54528712998198
CAGL0J03344g	-2.41817304325822	4.90488557376132	-12.1612007213648	6.30997655001949e-07	1.52929292774778e-05	6.54283062512901
CAGL0M01056g	-2.74143937438846	4.07216104027709	-12.1098136307874	6.54411523872157e-07	1.57148822361043e-05	6.50410741780404
CAGL0K01991g	-2.51661084969502	5.78701094462881	-12.0310888645	6.92163695744299e-07	1.64518137875712e-05	6.44447887442423
CAGL0H01419g	-2.18237509961195	5.64546480119177	-12.0236864508339	6.95835340318862e-07	1.64518137875712e-05	6.43885297577047
CAGL0H06545g	2.17174173396873	5.52968969245778	12.0048622852874	7.05269472360018e-07	1.64518137875712e-05	6.42453160048518
CAGL0E03366g	4.37403795336183	5.79348547347499	12.001245913672	7.07098013792458e-07	1.64518137875712e-05	6.42177783096147
CAGL0E03245g	-3.22750156386203	5.73796510083375	-11.89412226392	7.63709457168414e-07	1.73826913403333e-05	6.33984682521741
CAGL0E03289g	-2.12209414532067	6.09007676603088	-11.8565268636861	7.84748876907065e-07	1.77075878043469e-05	6.31092703219386
CAGL0F07403g	-2.05437886744098	4.892965064757	-11.8281133230688	8.01074384641792e-07	1.78452102280842e-05	6.28901266691269
CAGL0M06149g	-2.38984830610625	4.46843838285126	-11.7329167715307	8.58563409250453e-07	1.83452222343923e-05	6.21522692549062
CAGL0D04180g	-2.37617385742699	5.13925300045029	-11.6515249521975	9.1133810577014e-07	1.91291896774975e-05	6.15169243390655
CAGL0L03806g	-2.74846189767684	4.91851361758581	-11.6482669445364	9.13523862344675e-07	1.91291896774975e-05	6.14914055416548
CAGL0J00891g	-2.29350955928408	4.69776309070653	-11.5992681910769	9.47103945010038e-07	1.94434868710884e-05	6.11068055567479
CAGL0I00726g	3.48547321340292	2.18810536191559	11.5490190050907	9.82961491801022e-07	1.97915515753013e-05	6.07108049629213
CAGL0K01859g	-2.48559346449878	6.15108121610243	-11.5197807739195	1.00451342734025e-06	2.00710984432298e-05	6.047964293949
CAGL0F02541g	-2.30624989689644	5.78198105738656	-11.4981677824246	1.02077981380886e-06	2.01975183417853e-05	6.03084141891772
CAGL0G02101g	2.56116527616236	10.8349549278029	11.4822696375372	1.03293058923888e-06	2.01975183417853e-05	6.01822691146625
CAGL0F04631g	4.47619399095902	5.87567534924741	11.4408532181339	1.06534074043945e-06	2.0655773245187e-05	5.98528797395381
CAGL0J07766g	-2.59156586757141	5.37200969520599	-11.4060393308702	1.09345308143845e-06	2.11137555247871e-05	5.95751393480966
CAGL0K03861g	-2.12947504073077	6.23786972096934	-11.4016831048647	1.09702798524204e-06	2.11137555247871e-05	5.95403303736528
CAGL0E00803g	4.28167472897955	7.97982546100308	11.3889017285807	1.10759155291058e-06	2.12389808772414e-05	5.94381276252292
CAGL0K02387g	-2.02647508860423	5.06430208843682	-11.3769430520183	1.11757686213431e-06	2.1274599539175e-05	5.93424066049605
CAGL0K09284g	-2.92662533580374	4.53640127980067	-11.2614526562754	1.21928916533044e-06	2.23964167737012e-05	5.84131404217949
CAGL0L07700g	-2.55517084397084	4.64969212552708	-11.2448633766966	1.23472031964737e-06	2.2521814889735e-05	5.82789328181541
CAGL0E01353g	-2.6106996595808	7.17027806165688	-11.2398005764307	1.23947248342732e-06	2.25299946206321e-05	5.82379381211144
CAGL0B04433g	-2.01149094819557	5.4894940785422	-11.2274224884166	1.25117627330472e-06	2.26039087178966e-05	5.81376377247061
CAGL0E05610g	2.08489523198781	10.8497684424227	11.1270094738565	1.35075294909204e-06	2.37874751469857e-05	5.73201834509845
CAGL0L10890g	-3.38079596116387	4.12958495076139	-11.0367766547044	1.44772710364931e-06	2.50127108501786e-05	5.65797775402336
CAGL0G03927g	-2.19088121473657	2.81745041721227	-11.008720399196	1.47942513924617e-06	2.53097732155349e-05	5.63484261964907
CAGL0H07271g	-3.0379117514297	1.84250336491324	-10.9680719781779	1.52671586357813e-06	2.57817985349404e-05	5.60122775316518
CAGL0F07513g	2.80350562494017	6.24301296531612	10.905234060676	1.60313593246396e-06	2.68128326084628e-05	5.54903743504584
CAGL0G06248g	-2.76767246391995	5.50722254903579	-10.8838230538996	1.63013053275137e-06	2.71774947100428e-05	5.53119151650287
CAGL0L02849g	-2.00907095155813	5.66600141692005	-10.8770765784792	1.63873989841315e-06	2.71948547380693e-05	5.52556172549252
CAGL0J09614g	-2.07102071382048	6.08261556335838	-10.874598640777	1.6419146416625e-06	2.71948547380693e-05	5.52349313727284
CAGL0F04895g	2.20188032304731	10.61658839135	10.813744750152	1.72204893733462e-06	2.80031123502761e-05	5.47255656634965
CAGL0G03883g	3.2990469700867	9.56129064235573	10.7016245674027	1.88122730873985e-06	2.95489006981554e-05	5.37802061721781
CAGL0L03872g	-2.08948823570501	4.92164733588305	-10.697935204989	1.8867337832652e-06	2.95489006981554e-05	5.37489459169379
CAGL0K01155g	-2.53641569583336	5.24971848462194	-10.67044893533	1.92832145041695e-06	2.99547857357055e-05	5.35157441250543
CAGL0I05934g	3.36302501399386	4.43010965433696	10.6071575361773	2.02797873093954e-06	3.08309575794845e-05	5.29766833441603
CAGL0I10560g	-2.41481083518349	5.24287603662071	-10.5881876253381	2.05894399100007e-06	3.08309575794845e-05	5.28145470925964
CAGL0K03421g	2.57148192033118	8.71460150480982	10.5796407425775	2.07306534249829e-06	3.08309575794845e-05	5.2741410858055
CAGL0M02805g	-2.08700843344242	5.63837289341639	-10.5403985701022	2.13928686456563e-06	3.15469485521157e-05	5.24049264259466
CAGL0K02233g	-2.7342265004181	4.82989219005522	-10.5302302255158	2.15682399027569e-06	3.16273770002611e-05	5.23175528829813
CAGL0M04587g	-2.30966950874277	3.37151436066969	-10.4947650243999	2.21924121609587e-06	3.22689746128692e-05	5.20122145287344
CAGL0D03124g	-2.42704418809848	5.50101702484301	-10.4900225387327	2.22773761297411e-06	3.22689746128692e-05	5.19713135582093
CAGL0C00275g	2.03796192815144	9.60666813256397	10.446525167402	2.30735920670961e-06	3.29436145525181e-05	5.15953977202218
CAGL0B01397g	-2.13350627268081	4.50301189566563	-10.442007387127	2.3158070974836e-06	3.29436145525181e-05	5.15562732102757
CAGL0J01045g	-3.08573025998553	3.86886101487043	-10.3792243575117	2.43680323978906e-06	3.42633226109667e-05	5.10109855777734
CAGL0H03685g	-2.08633150504854	7.23470398819372	-10.3769563442428	2.441302642577e-06	3.42633226109667e-05	5.09912319466015
CAGL0D02838g	-2.33581774202818	4.93473003287195	-10.3356514110982	2.52486775692057e-06	3.49638429786601e-05	5.06308016658487
CAGL0J10890g	-2.52712610923428	4.55043083449199	-10.3187023652739	2.56006555891571e-06	3.51757039394324e-05	5.04825297456198
CAGL0M06369g	-2.11116841557577	5.57046633843487	-10.2986279396227	2.60245477861836e-06	3.56645308012227e-05	5.03066347795578
CAGL0E01815g	2.66776152709674	5.17537775944101	10.2926923494837	2.61513606334214e-06	3.56734605873401e-05	5.02545676175574
CAGL0M03751g	-2.16564506431729	4.51472983580505	-10.2784612794117	2.64581865971242e-06	3.58547750655237e-05	5.01296229863732
CAGL0E03069g	-3.03851291875714	4.55417728556261	-10.24191095686	2.7264550934486e-06	3.6500178014045e-05	4.98080131531676
CAGL0H10252g	-2.29142876502545	3.85007454504467	-10.2389275141543	2.73315564116631e-06	3.6500178014045e-05	4.97817164020354
CAGL0F07645g	-2.2004284330855	4.27922481770753	-10.2112444691468	2.79620167048639e-06	3.68718280730385e-05	4.95373856638016
CAGL0M09845g	-2.09486839562032	6.02371236508675	-10.1928314296275	2.83902241350424e-06	3.71557058367368e-05	4.93745453606602
CAGL0L11902g	2.38874203347588	5.06464484159711	10.1568762121455	2.92473641822381e-06	3.79531083299703e-05	4.90558110901338
CAGL0E01573g	-2.03889139979684	5.27472385140808	-9.9740895282658	3.40695929741414e-06	4.17691614097495e-05	4.74198269870375
CAGL0D05104g	3.73716927794371	1.04544903980894	9.95004042346238	3.47667493796795e-06	4.24251592080704e-05	4.72026154375733
CAGL0M11154g	-2.57232815378419	5.5731381838369	-9.94076681873983	3.50397647180552e-06	4.24754238011864e-05	4.71187328055867
CAGL0G07843g	-2.46792219001049	6.10157935491371	-9.89124634774312	3.65381906700512e-06	4.38709697609445e-05	4.66696373415934
CAGL0A04015g	-2.2712848793041	7.00873689347361	-9.84419142583568	3.80276057162659e-06	4.51028909196355e-05	4.62410702567753
CAGL0J04202g	4.85949382142712	11.3500747625318	9.83183169091979	3.84298221780456e-06	4.54131194361329e-05	4.61282027010331
CAGL0F04983g	-2.50253981464149	4.95371319939023	-9.78423749532809	4.00229742679771e-06	4.65229893660197e-05	4.56924165529712
CAGL0I03234g	-2.1184094819849	6.83555103430529	-9.70973431424032	4.26648336928914e-06	4.85544357352797e-05	4.50065159810706
CAGL0I02398g	-2.42108296011225	4.77706521315858	-9.66359418554731	4.43968703948499e-06	4.94991907282152e-05	4.45794351533301
CAGL0L08976g	-2.27430532830224	4.8639432779298	-9.61899969762274	4.61446852756569e-06	5.02219183821338e-05	4.41649760331812
CAGL0M12474g	3.16070798299159	4.96707527148987	9.59468708061002	4.71293761995199e-06	5.09225315567682e-05	4.39383141606406
CAGL0L03047g	-2.48918035295345	4.53793859440558	-9.59351293143891	4.71775125215522e-06	5.09225315567682e-05	4.39273552194062
CAGL0I06006g	-2.35471092882773	4.72021735757508	-9.54316488081295	4.92934059888713e-06	5.2771161626123e-05	4.34563369345916
CAGL0M11110g	-2.42106605239287	4.45522984115795	-9.50797117948827	5.08343826136273e-06	5.39793089213669e-05	4.31258164311695
CAGL0H02189g	-2.22902279699858	2.97920597481976	-9.39358293743539	5.62206929161356e-06	5.74834623859316e-05	4.20442270466482
CAGL0M01430g	-2.43877548502256	5.28891260031537	-9.35720024591298	5.80631695298623e-06	5.90214936871513e-05	4.16978466666048
CAGL0G02739g	5.82613733109678	5.57266055123311	9.24346495826596	6.42648118055999e-06	6.40811980575839e-05	4.06075721217194
CAGL0B00374g	-2.40441383951753	3.62551974531124	-9.21969219635391	6.5651074326167e-06	6.52150614985739e-05	4.03782441726735
CAGL0E05456g	-3.8618057114945	2.86764711705579	-9.19888144381021	6.68916340989149e-06	6.60712650014754e-05	4.01770777272053
CAGL0J10010g	-2.20067864135383	4.56197485732967	-9.18300424146495	6.78554338388608e-06	6.68935547564725e-05	4.00233418470249
CAGL0L08756g	-2.36061671587706	5.80355948461596	-9.17579748894249	6.82979378005125e-06	6.70806199597904e-05	3.99534860048428
CAGL0M04829g	-2.15297365338294	6.86716342850912	-9.14224830892915	7.04000938503622e-06	6.79971386174624e-05	3.96276781704687
CAGL0F06853g	-2.260512728958	5.18449566734655	-9.11319248559773	7.22782665680943e-06	6.91654752075952e-05	3.93446900108193
CAGL0L11660g	-2.43948025205734	5.36613491626795	-9.10779977636457	7.26328768304244e-06	6.92592186169893e-05	3.92920842098489
CAGL0H07975g	-2.21974639836672	5.25992493093217	-9.09268173327024	7.36372373124203e-06	6.9962057591746e-05	3.9144467869719
CAGL0E05874g	-2.50614568687222	6.12377243864528	-9.08618773819837	7.40733424649226e-06	7.0121871212273e-05	3.90809954126259
CAGL0J03476g	-2.71435928076986	4.73283067543479	-9.08365766052202	7.42440181181032e-06	7.01565766874134e-05	3.90562560378278
CAGL0J11792g	-2.53281652920251	3.94090656000567	-9.04032369470208	7.72354042763688e-06	7.20726098728682e-05	3.86316296474766
CAGL0G07106g	-2.42850225288845	4.51584034799571	-9.03383996933279	7.76942682831743e-06	7.22432494604649e-05	3.85679491001846
CAGL0I09790g	-2.45350417617379	6.68593193998749	-8.9635187546251	8.28682024606109e-06	7.53151110905032e-05	3.78748100779731
CAGL0E02343g	-3.11689605063369	4.05800348734097	-8.91350116079476	8.67785094654335e-06	7.75231223637448e-05	3.73790266423379
CAGL0H06985g	-2.48083357021915	5.36310329907459	-8.9095506130671	8.7095890899385e-06	7.75420049078708e-05	3.7339769307221
CAGL0K10868g	2.4683149526135	9.94126794339738	8.88354632537182	8.92171438298563e-06	7.88938763427867e-05	3.70809974659391
CAGL0K02211g	-2.93935206418649	4.11586516134108	-8.87099174033	9.02615291090857e-06	7.94149756111032e-05	3.69558396058438
CAGL0M03465g	2.89221391451978	2.22791692196246	8.85034570391781	9.20083549924176e-06	8.06027974878021e-05	3.67496968532943
CAGL0H10120g	2.07231086115753	6.67492768502454	8.84958419131091	9.20734916861617e-06	8.06027974878021e-05	3.67420858085677
CAGL0K08360g	-2.71233276423586	4.51859087465625	-8.82499514307025	9.42042142313753e-06	8.23303942406093e-05	3.64960345744086
CAGL0I03608g	-2.60977927105776	4.64326082473094	-8.79875400531926	9.65380259716656e-06	8.3781976994889e-05	3.62328240970877
CAGL0M02915g	4.82693534508397	4.76181161931935	8.7796944567308	9.82729407622722e-06	8.43343561521967e-05	3.60412406046286
CAGL0K03795g	-2.28493300863256	4.65292694224876	-8.7294884441133	1.03009167296157e-05	8.64187485249013e-05	3.55349285654979
CAGL0G00264g	-2.76228258965416	4.63806987160616	-8.69710785793748	1.06196552550514e-05	8.76358272152925e-05	3.52071057990949
CAGL0K10164g	4.43880760997466	9.84529301384556	8.68060761884539	1.07862296130766e-05	8.85045643016549e-05	3.50396702231019
CAGL0G03443g	-2.11604396482542	6.85201507864177	-8.65269776897748	1.10745576882277e-05	8.98899943825077e-05	3.47558601856134
CAGL0M04719g	-2.3659335493973	3.93487668721698	-8.63521536126148	1.12594689607704e-05	9.08217565633795e-05	3.45777022164024
CAGL0M07678g	-2.02374940796927	4.83206639226153	-8.6282431382195	1.13341576511574e-05	9.11433414805054e-05	3.45065679622259
CAGL0L07678g	-2.84334846883679	3.67365665632089	-8.56763644668033	1.2006804502112e-05	9.48048590777624e-05	3.38862387944192
CAGL0F03927g	-2.77455829901466	6.70973040017503	-8.54639756636746	1.22528006806284e-05	9.58795389582804e-05	3.36680045171103
CAGL0M04279g	-2.49564751207225	4.60720061607663	-8.52903023010183	1.24580699944319e-05	9.73402931654496e-05	3.34892227796663
CAGL0C02519g	-2.06331826833088	4.76750711685211	-8.49681502644667	1.28489009807412e-05	9.87723885964465e-05	3.31568099021075
CAGL0B04169g	-2.51848018623367	5.24459169152242	-8.48416777335328	1.30059990264207e-05	9.9436460644108e-05	3.30260293603414
CAGL0I03344g	-2.45211653910987	4.55321889439944	-8.48222957542576	1.30302601722747e-05	9.9436460644108e-05	3.30059732065989
CAGL0J11066g	-2.66796193537235	4.54604102510224	-8.45127376605864	1.34245555254438e-05	0.000101557150542917	3.26851432803879
CAGL0F01925g	-2.37889393466622	3.71691983868766	-8.44611438470012	1.34915368871721e-05	0.000101916588173659	3.2631578347002
CAGL0C02299g	-2.31579276398326	3.63317701332229	-8.4231039133504	1.37947684595509e-05	0.000103758064491018	3.23923600399478
CAGL0D00220g	-3.48962976447948	3.13402003630898	-8.40460927977029	1.40439153490079e-05	0.000104978138364459	3.21997058379556
CAGL0J01848g	-2.7700192654283	5.86236415429717	-8.39672422107107	1.41516355620532e-05	0.00010508342151397	3.21174650706053
CAGL0M03377g	2.76394250878217	8.86211482962539	8.37882728179837	1.43995116963585e-05	0.000106563630739697	3.1930569724484
CAGL0C00737g	-2.1293099560772	5.44400466231722	-8.36815248289158	1.45496259433184e-05	0.000107277875793341	3.18189411549123
CAGL0K06215g	-2.61367310132227	4.46944023910034	-8.32552516733002	1.5166426293564e-05	0.000110621345888232	3.13720342792659
CAGL0G05544g	2.0919502249027	9.97405658044837	8.30941051379734	1.54070259789566e-05	0.000112177720444837	3.12026091344721
CAGL0E02673g	-2.28263975347507	4.25420922843559	-8.30212061206914	1.55172410376522e-05	0.00011254142803868	3.1125878574031
CAGL0B04125g	-2.38817049896121	5.10400029608032	-8.29452245522127	1.56330380703097e-05	0.000113037229693468	3.10458460150574
CAGL0H05709g	-3.00548167072282	4.64563739361346	-8.28214099389356	1.58237700216796e-05	0.000113944203663676	3.09153044176474
CAGL0M02409g	-2.1509847711134	5.00132511743261	-8.26690029666468	1.60620612662729e-05	0.000115342785636404	3.0754402636726
CAGL0F01023g	-2.70008365056186	4.03622666001231	-8.15937903200804	1.78593746793861e-05	0.000124658435262115	2.96124946937802
CAGL0L05434g	2.09013619460039	8.49897929308807	8.10423208605317	1.88659024700376e-05	0.000130466313646825	2.90221800971669
CAGL0I07975g	-2.14892716344791	5.74280617962595	-8.07435490273367	1.94370723404965e-05	0.000132763038537701	2.8701037514374
CAGL0G05742g	-2.65214560470372	4.37959305447653	-8.07360636044722	1.94516237933939e-05	0.000132763038537701	2.86929796043139
CAGL0L06314g	-2.54399415730139	5.18187449166782	-8.06800146362444	1.95609617768601e-05	0.000132989136236185	2.86326253057753
CAGL0M06567g	-2.08340704111962	3.98376245374255	-7.96625556029256	2.16676188948986e-05	0.000143400739462445	2.75312490453544
CAGL0L05170g	-2.10425014721468	4.62469405334472	-7.95621837547666	2.1888555318785e-05	0.0001437723802934	2.7422003539015
CAGL0H03773g	-2.41527791681648	5.11957590846269	-7.88861143438623	2.3442621536734e-05	0.000150949721703324	2.66833553685477
CAGL0L02871g	-2.66089682671153	5.30578238767768	-7.87560441568331	2.37552668704349e-05	0.000152027899837074	2.65406820311783
CAGL0G02629g	-2.26485448394311	2.75551616634166	-7.82869296617931	2.49213973852948e-05	0.000156949853530305	2.60245928855979
CAGL0F00561g	-2.41042371756394	3.90422255880041	-7.7626881297835	2.66697097045832e-05	0.000165225953021886	2.52943968501647
CAGL0D05060g	-2.10795719261426	5.27385505257006	-7.75116636066594	2.69884510390784e-05	0.000166394313511254	2.51664454910801
CAGL0M07744g	2.09006451747572	2.37931475867205	7.75013363495271	2.70172237792866e-05	0.000166394313511254	2.51549697624663
CAGL0J10912g	-2.54257537803815	3.61377236615334	-7.74386211920264	2.71926775442545e-05	0.000167278104517241	2.50852550116195
CAGL0B00484g	-2.05275450080611	5.71915058636963	-7.73958837020518	2.73129561310668e-05	0.000167427781435755	2.50377228359685
CAGL0G00484g	-2.58576274744873	3.68599128280371	-7.64705907136376	3.00653355016941e-05	0.000179261994705431	2.40036719625682
CAGL0M03487g	-2.13962471089294	3.3342707425064	-7.57654503708514	3.23668157803015e-05	0.000189553610989603	2.32092466505778
CAGL0J11154g	-2.94139163364511	4.77370736856265	-7.56313819651731	3.28258533930437e-05	0.000191575632678466	2.3057570632458
CAGL0B00352g	-2.13595865648399	4.58700344304467	-7.51098367338982	3.46805671187965e-05	0.000198418326630491	2.24655968438072
CAGL0M13519g	-2.68370373539162	5.60118773082627	-7.47929550918558	3.58632866216407e-05	0.000202747630091025	2.21044157789138
CAGL0M03025g	2.00148443485991	4.70978774505019	7.42240797380309	3.80988446794665e-05	0.000211952658764088	2.1453133599756
CAGL0J10252g	-3.0799978079249	3.68361839390582	-7.42042878055671	3.81793196881141e-05	0.000212174881706239	2.14304077738701
CAGL0K09702g	2.21953847511421	7.70016697958531	7.41801250165893	3.8277819052743e-05	0.00021249669431719	2.14026570584983
CAGL0L00649g	2.20459086574016	7.28547662711609	7.38780910101167	3.95328003405852e-05	0.000216752526259382	2.10552063129468
CAGL0M10197g	-2.49405654189747	4.84512352222864	-7.35239389180681	4.10619777476865e-05	0.000222295194942233	2.06464570769664
CAGL0D04400g	2.83584789327811	0.981571463878861	7.33361583847992	4.18989438722816e-05	0.000224365420147534	2.04291371803369
CAGL0L00341g	-2.35903300622099	5.49671779090694	-7.32517690760713	4.22811417222202e-05	0.000225628722646098	2.03313390981679
CAGL0F06809g	-2.85685162560588	3.71261486522413	-7.30898294291077	4.30252878928299e-05	0.000228435478822479	2.01434359551534
CAGL0L06578g	2.07494960993009	2.23401355085347	7.30567555434528	4.31790239084191e-05	0.000229019442918515	2.01050217347423
CAGL0D01265g	4.68096400760275	5.10953090415678	7.21127685106182	4.7830430716552e-05	0.000248898911333151	1.9003199397291
CAGL0J09746g	-2.21678904478319	4.56409657161297	-7.18379341457849	4.92856301282945e-05	0.00025446079927153	1.86804356706052
CAGL0M05819g	-3.73884920126145	-2.25782729785745	-7.16512426002613	5.03017043905254e-05	0.000258166100474902	1.84606746232118
CAGL0M00946g	-2.02842314776119	4.6711797366286	-7.16194776139121	5.04768546501877e-05	0.000258558056843183	1.84232416642719
CAGL0L13392g	-2.88908733074848	3.85754119034744	-7.14484101735232	5.14316449652888e-05	0.000262421697264412	1.82214430098135
CAGL0L04026g	-2.13838067758927	4.64831044387472	-7.13530607085987	5.19723794206935e-05	0.000264280147889398	1.81088129533821
CAGL0B01232g	-2.28045223581448	4.93270232089355	-7.12742250186001	5.2424156427812e-05	0.000265673241916356	1.80156074333623
CAGL0J01265g	-2.74242610231334	4.69858749129155	-7.10056870865519	5.39955452159911e-05	0.000271794883851648	1.76975627589161
CAGL0L00495g	2.30074803792872	9.98386238652142	7.07887862184687	5.53023670941584e-05	0.000276075182220611	1.74400424757339
CAGL0K10780g	-2.36523828588663	7.28585381329735	-7.07058849316344	5.58109404732284e-05	0.000277992648313369	1.7341466490122
CAGL0I08547g	-2.26077587186434	4.96442277727953	-7.0133024500949	5.94680750702288e-05	0.000290677285707421	1.66580213685775
CAGL0M12551g	3.5644579094599	6.65860432732868	6.97644935292159	6.19587157236206e-05	0.000300327663715883	1.62162435052947
CAGL0I01606g	-2.03815183201392	5.36821547765648	-6.96278140237276	6.29112115249953e-05	0.000302980857712374	1.60519773545897
CAGL0K09460g	-2.05798606323364	5.20702727539921	-6.91929008566001	6.60500104669718e-05	0.000314230046115371	1.55277616317709
CAGL0L11638g	-2.88034596622883	4.2769935761566	-6.90230448147737	6.73219675434795e-05	0.00031750495503614	1.53223974046012
CAGL0E05500g	-2.4024747284203	6.21031734117345	-6.82204244305046	7.37051509004093e-05	0.000340918522197317	1.4347167760874
CAGL0H08415g	-2.11171369390436	3.35872335233652	-6.80510913899218	7.51345387664666e-05	0.000344723322035453	1.41403966968907
CAGL0D04708g	-2.20981336979923	6.7015555265209	-6.76904729847113	7.82804804412007e-05	0.00035541918049409	1.36988558085393
CAGL0M03905g	-2.49303799953944	4.64031077052411	-6.63387527701793	9.14161980424143e-05	0.000403510789841517	1.20292509974693
CAGL0L04950g	-2.88008682665836	4.777324068355	-6.59944169275833	9.51342876225729e-05	0.000416063488474661	1.16002335209762
CAGL0L09669g	-2.10303490594954	4.7963281625075	-6.56526830889134	9.89878458837142e-05	0.000428265597686979	1.11729589996586
CAGL0C01639g	-2.83898746465894	4.21184867859136	-6.33430583318892	0.000129947251412689	0.000528573318683316	0.824560402958882
CAGL0E01925g	-2.43180708429923	3.50423773067419	-6.2644786459672	0.000141275872575591	0.000566293409596647	0.734682321680106
CAGL0A01199g	-2.16391695070934	4.30736885928264	-6.23253954621515	0.00014681202965411	0.000585793426249439	0.693356617809533
CAGL0J10032g	-2.38972503011857	4.96934883123587	-6.22500647812593	0.000148151888329949	0.000590582520704626	0.68358988372241
CAGL0E05478g	-2.61391877900671	4.505155202464	-6.15457499295788	0.00016134273611508	0.000635059566588302	0.591908048929536
CAGL0I09592g	-2.55790171929734	4.05525499509516	-6.10884465404452	0.000170588241671603	0.000664951187751929	0.532024263560224
CAGL0C02365g	2.0316205434565	4.58279843115956	6.04200854140487	0.000185152549884427	0.000712701175474246	0.443995642687913
CAGL0L08103r	-2.79408596951311	-1.19175139443669	-6.030227596599	0.000187857097645416	0.000720462934925824	0.4284165427344
CAGL0A03674g	-3.03938083757617	3.05835694308421	-6.00958231921949	0.000192700708297517	0.00073526837313229	0.401069861598151
CAGL0J02376g	-2.96790934249914	3.03818827941875	-6.00089744463984	0.000194778667717528	0.000742655735980522	0.38954860220554
CAGL0L06094g	2.00040393137968	4.0114403858836	5.96825564004236	0.000202808985267876	0.000765151900065477	0.346154580539308
CAGL0J11286g	-2.56142452738265	2.85180225851893	-5.87507990637164	0.000227776304941075	0.000843563150054485	0.221486341784858
CAGL0J04576g	-2.47511644801672	3.42200355966053	-5.86553468733279	0.000230516602616666	0.000852829975051766	0.208647745403694
CAGL0H03707g	2.26033519076392	8.09826924892244	5.84302013543234	0.000237122963923161	0.000871114888517719	0.178315402130752
CAGL0J06666g	-2.14422173471749	4.62032539739911	-5.82384933434483	0.00024291022365027	0.000888013282687964	0.152432866457173
CAGL0B00792g	-2.66664478254807	4.45636508788573	-5.73143475738288	0.000273042109918585	0.000981713904824034	0.0269517535123498
CAGL0E04554g	2.31698756039891	1.99872947357207	5.66302440476021	0.000297952312856488	0.00105533177117978	-0.0666989551602004
CAGL0E00517g	-2.14932817324193	3.41609044203447	-5.35959962283306	0.000442284739175512	0.00146165947534053	-0.489961470702297
CAGL0E05984g	2.0102703715578	9.37332646874606	5.28314266695553	0.000489567837481897	0.00158300656529817	-0.59865771547926
CAGL0A01804g	-2.09507835001693	7.24613108735319	-5.21425073381379	0.000536867881109708	0.00171372155951788	-0.697305686179392
CAGL0F00715g	-2.58984452679449	1.48041310433802	-5.12562768539327	0.000605098330861891	0.00190365971277764	-0.825192553356615
CAGL0E06600g	-2.39250263854105	-0.104718242155911	-5.06758522093437	0.000654817468571914	0.00202055121681229	-0.909550931071668
CAGL0G05951r	-2.56800124086574	0.981526937389348	-4.75363054369626	0.00101223391333278	0.00287991550885712	-1.37404785841063
CAGL0L09295g	3.15708077611314	2.26111905253091	4.69376636573301	0.00110167757872678	0.00308741013096076	-1.4641740606629
CAGL0L01892r	-3.77547579580163	-2.42373856890495	-4.60986758517226	0.00124157502144195	0.00340473820704484	-1.59131175249217
CAGL0L08044r	-2.30444116900828	2.20630413651496	-4.46500376292521	0.00152989923535304	0.00402665786680399	-1.81307609722432
CAGL0J01994r	-4.04802558511426	-1.1203160855223	-4.42816264495537	0.00161412508493467	0.00421023658178028	-1.86992034581002
CAGL0H10010g	3.05448858326894	1.99716454234166	4.28083729599797	0.00200381785513432	0.00505178515529401	-2.09900352148153
CAGL0M12815g	2.90834793941968	1.45999493639756	4.27819371556508	0.00201166603792068	0.00505784654078473	-2.10313956091915
CAGL0J00869g	-2.81306219504091	2.68396939313067	-4.21720110716307	0.00220213455170046	0.00548438362423973	-2.19880997174094
CAGL0L10802g	2.69809413701995	1.20702238083776	4.15785936578623	0.00240595906452421	0.00590640125545846	-2.29233358422973
CAGL0L02761g	2.59734482057911	2.4250516383796	4.15769176800014	0.00240656234534726	0.00590640125545846	-2.29259833102717
CAGL0H04939g	2.43771220281053	1.86294072768822	4.11702627228175	0.00255780191056595	0.00620486237340721	-2.35693608074607
CAGL0G03795g	2.05958322535808	9.54979613906924	4.09940699123377	0.00262643580965653	0.00635075818177917	-2.38487345898936
CAGL0A04037g	-2.18836702675048	5.93676065106076	-4.09063173637849	0.00266134580336867	0.00642330349499077	-2.39880137937389
CAGL0A00649g	3.18429396982257	-0.380524615635056	3.96091696057611	0.00323897647715289	0.00759743071948151	-2.60572455170322
CAGL0L10879r	-2.22144975326604	0.869315455180689	-3.84771164360805	0.00385184713833518	0.0088324221503218	-2.78784066622033
CAGL0K00308r	-2.70385864995855	-2.15539642255147	-3.82462702997786	0.00399123398349785	0.00910537519232565	-2.82514353556228
CAGL0G04455g	2.6356193419047	1.99063205704066	3.72834056979059	0.00463260621049402	0.0103463146273163	-2.98130956169283
CAGL0B02651g	2.48072090589784	0.390851736392336	3.66113222710747	0.00514403289671848	0.0112677018961904	-3.09083672213061
CAGL0L12496g	2.45449805183002	-0.538173618880826	3.66059969297456	0.00514831453536771	0.0112720311972605	-3.09170620820979
CAGL0E06292g	2.01083302174911	0.442892787285242	3.48912597393245	0.00674200709573774	0.0141687704320301	-3.37290306283093
CAGL0L01023g	2.83584789327811	-1.45982378813747	3.48643802107334	0.00677075618833299	0.0142234785898568	-3.37732908840554
CAGL0K05687g	3.43324144352594	4.67059296415527	3.47973864380759	0.00684296884980979	0.014352140195815	-3.38836261986112
CAGL0K08046r	2.48072090589784	0.0754722291245005	3.45764014866536	0.00708692981141008	0.0147691391571384	-3.42477991451587
CAGL0C05467g	-3.13293097347708	-2.69312759164836	-3.4359438425418	0.00733530219384227	0.0151960059298632	-3.46056666491187
CAGL0F05137g	2.18113255442051	4.72935296896102	3.39824958474747	0.00778865433143136	0.0159959220969177	-3.52281350075547
CAGL0J01023g	-3.0560884481755	1.39560177041228	-3.33487809988877	0.00861783051251687	0.0175064966057332	-3.62765401289279
CAGL0J11891g	-2.87774303432322	-2.73854319802198	-3.33195153884956	0.0086582747521865	0.0175682435378668	-3.6325010290183
CAGL0K07175r	-3.29182905578264	-0.442709136195674	-3.30393266232875	0.00905562819726614	0.0182401745335468	-3.67892855954508
CAGL0L01045g	3.00497900892541	-1.04727982049016	3.29287038334032	0.00921768712280156	0.0185167275855204	-3.69726953275411
CAGL0C03384r	-3.38377280629874	-0.623526203238847	-3.23413531900727	0.0101300346013539	0.0200645974794127	-3.79474277582552
CAGL0D00627r	-3.27767122495678	-0.0395336670881242	-3.17956021562013	0.0110617701845917	0.0215593324334837	-3.88543275841273
CAGL0G01056g	-3.26193635043989	-1.83244846770751	-3.1182485945812	0.0122150107021939	0.0235094047889651	-3.98742415379767
CAGL0K04466r	-3.26367910481253	-2.08054259926079	-3.08240379137763	0.0129460629553894	0.0246715105829864	-4.04709008617267
CAGL0A02970g	2.41442132939996	-2.79377255583994	3.07897294186437	0.0130183603259802	0.0247822241114569	-4.05280206081807
CAGL0D01694g	2.59858235889371	-0.357271227184229	3.04515491575541	0.0137536454095032	0.026021081936664	-4.10911296332906
CAGL0M11000g	2.70666771092542	3.90053939944542	2.93183534034433	0.016543959457938	0.030484909455229	-4.29782991656316
CAGL0M11044g	2.83584789327812	-1.37371257468154	2.78310155566424	0.021108081262629	0.0377264613895058	-4.54521299200357
CAGL0D05720g	-2.71626338580328	-2.29232080841728	-2.77752218950608	0.0213023312305703	0.0380346875825497	-4.55447803390662
CAGL0I04664g	2.66582165741304	0.00947629701895621	2.77183656880668	0.021502148346272	0.0383260968991264	-4.56391803208803
CAGL0J01800g	2.18044269086392	0.258605969829821	2.73442651106382	0.0228651847214187	0.0403435261262646	-4.62599048754468
CAGL0A02211g	-2.03930807496779	6.28967831480019	-2.7272696642511	0.0231357625396118	0.0407797026582045	-4.63785680131609
