genesymbol4	logFC	AveExpr	t	P.Value	adj.P.Val	B
CAGL0B02926g	-7.22300577161515	3.99964644643418	-170.402476551676	1.06691184238953e-06	0.00564483862569677	4.17560421950456
CAGL0M03305g	-5.16585573520783	-1.13330517046889	-135.655039097783	2.01781541579867e-06	0.00564483862569677	4.1193236997108
CAGL0M11660g	-4.61289986612105	8.26083883705553	-94.6302969482323	5.51950217312194e-06	0.0102938715528724	3.96598596497145
CAGL0K07546g	-9.28096061893385	7.17994882082737	-84.7817202029405	7.50317184210895e-06	0.0104950616141499	3.89674761280209
CAGL0D05104g	-2.82282686650048	-2.30481960482256	-58.6719654153688	2.09808470434676e-05	0.0228611164154177	3.55477467316509
CAGL0F00209g	-2.47422624729465	-2.47911991442547	-52.5099987123812	2.86019329594144e-05	0.0228611164154177	3.41122686795237
CAGL0M03421g	-2.47422624729465	-2.47911991442547	-52.5099987123812	2.86019329594144e-05	0.0228611164154177	3.41122686795237
CAGL0I07546r	2.7503236455794	-2.3410712152831	45.2445997753889	4.33480728736708e-05	0.0285631953159164	3.18445494210039
CAGL0D06666g	-2.01360347778699	-2.7094312991793	-44.3109485885159	4.59461586851201e-05	0.0285631953159164	3.14945666255937
CAGL0K00308r	4.0140834279983	-1.70919132407365	41.8325280142216	5.39539193738734e-05	0.0301872178896821	3.04862859254034
CAGL0I10010g	-2.79230611310985	2.69663421346395	-38.2528668684552	6.92539444214698e-05	0.0352250744580112	2.87955355254343
CAGL0H09262g	-1.57867691228599	2.17736627902613	-34.0972968612503	9.54514794886114e-05	0.0376534036276793	2.64016671364247
CAGL0L00583g	-1.20283504922416	5.46119133128901	-32.1980914178613	0.00011199548548393	0.0376534036276793	2.51177825941849
CAGL0G03949g	-1.33288469094985	-3.04979069259787	-31.6818641916644	0.000117158738675198	0.0376534036276793	2.47450088815536
CAGL0G09647g	-1.33288469094985	-3.04979069259787	-31.6818641916644	0.000117158738675198	0.0376534036276793	2.47450088815536
CAGL0H01903r	-1.33288469094985	-3.04979069259787	-31.6818641916644	0.000117158738675198	0.0376534036276793	2.47450088815536
CAGL0L05192g	-1.33288469094985	-3.04979069259787	-31.6818641916644	0.000117158738675198	0.0376534036276793	2.47450088815536
CAGL0M02871g	-1.15114263724457	7.80061086833578	-31.3047273391156	0.00012113695537055	0.0376534036276793	2.4465818141033
CAGL0L02167g	-1.11187872224744	4.1973776496105	-27.3405547784892	0.000176678315607459	0.0520271145170386	2.11370240830199
CAGL0G01540g	-4.36972638568219	7.94358134718515	-26.5331592674249	0.000192067615830937	0.0520598757470314	2.0358906023089
CAGL0G04433g	-1.98529926460782	7.53500839218862	-25.7585740525535	0.000208591716674635	0.0520598757470314	1.95758678229804
CAGL0H01639g	1.01388328565207	4.61884479534249	25.532435370752	0.000213778211980626	0.0520598757470314	1.93401882999246
CAGL0A02321g	-1.16535902423251	9.14322152274569	-24.8598489102057	0.000230277335981999	0.0520598757470314	1.8619477027185
CAGL0K08844g	-2.07728898617072	6.65637769907016	-24.6952392216779	0.000234577015202974	0.0520598757470314	1.84384567801326
CAGL0A01606g	-2.90309474784685	3.12900378613188	-24.3473146893181	0.000244030063642436	0.0520598757470314	1.80496572180529
CAGL0K02519g	-1.03730655114148	3.05534679404894	-24.2347906850476	0.000247197780945324	0.0520598757470314	1.79220844455852
CAGL0M03003g	1.38585097208634	2.04598952527595	23.7448183943477	0.000261661132499817	0.0520598757470314	1.73558856724017
CAGL0L05456g	-2.19372759534067	8.24439151738327	-23.0855264880207	0.000282994259723305	0.0520598757470314	1.6565581076173
CAGL0M02640r	1.88876051477586	1.30957652772681	22.8055781885742	0.000292767992655291	0.0520598757470314	1.62197266757287
CAGL0M12705g	-1.51438798102103	7.24455656472155	-22.482708377055	0.00030461755442465	0.0520598757470314	1.58129617657386
CAGL0A01243g	-5.05213062752668	8.91814226092291	-22.1038884975691	0.000319365352602745	0.0520598757470314	1.53246307211974
CAGL0L13387r	6.77970562285138	6.84250070867361	22.0844748635014	0.000320146997710097	0.0520598757470314	1.52992758713614
CAGL0G06952g	-1.77226178179435	7.89083471642621	-21.8516876892642	0.00032972503954408	0.0520598757470314	1.49927028686251
CAGL0C00110g	-6.39553232105376	4.28292005806197	-21.8298244422812	0.000330644472503116	0.0520598757470314	1.49636663660685
CAGL0L13354g	-2.21432085271231	0.141251033862753	-21.7662829339959	0.000333336452224676	0.0520598757470314	1.48790376877084
CAGL0H04147g	1.35524510569399	1.96373419288463	21.7280696973124	0.00033496970990047	0.0520598757470314	1.48279706532659
CAGL0F08085g	-1.51798740047577	4.85868643769698	-20.9784037543984	0.000369329775265328	0.0520677816448977	1.37993063265604
CAGL0F08745g	-2.88720968335422	3.35983841766737	-20.5158105005592	0.000392951148128296	0.0520677816448977	1.31380898446644
CAGL0I04554g	-2.21841085043317	7.39990053658025	-20.2051543262195	0.000409976510788357	0.0520677816448977	1.26821709096272
CAGL0E04466g	2.00047995021131	-0.702389585180154	19.9721930256015	0.000423406213924032	0.0520677816448977	1.23338160433268
CAGL0I00726g	-4.07020941653445	-1.68112832980557	-19.9511084468013	0.000424650973412924	0.0520677816448977	1.23020093926584
CAGL0F02145g	-1.21301802339399	7.78460436120996	-19.9008365094336	0.000427638937790647	0.0520677816448977	1.22259847343629
CAGL0G02717g	-3.81683981951037	4.34679882772442	-19.8934251076399	0.000428081850878516	0.0520677816448977	1.22147542331462
CAGL0B02475g	-9.4644300523579	7.6117731028207	-16.8283497355721	0.00068119178200035	0.0756275235573238	0.702011823046605
CAGL0J11176g	-1.16023299548596	5.84140441879391	-16.7561118143805	0.000689366166474265	0.0756275235573238	0.688295003400543
CAGL0K06380g	-2.1009055885356	2.55261886805006	-16.364350996792	0.000736094900045329	0.0766304357947611	0.612569164927582
CAGL0K05247g	-1.17841174662542	1.32685584085476	-16.3363545612135	0.000739596699359625	0.0766304357947611	0.607069547687227
CAGL0F06193r	2.4835920635776	0.348389860216481	15.9226212000963	0.000794084315017184	0.077767429757134	0.5243833842453
CAGL0I10791g	-1.462996599059	4.48878350075105	-15.8410896351703	0.000805458548494494	0.077767429757134	0.507770637627408
CAGL0J09020g	-1.24874060638037	5.33637962536573	-15.2984901200543	0.000887078364898534	0.0819603302873962	0.39443189301583
CAGL0A01650g	-2.03215758572683	6.24811117096344	-15.1695092749838	0.000908115503132723	0.0819603302873962	0.36675791544421
CAGL0L04664g	-1.64091920935211	6.97492726137266	-15.1246263485736	0.000915594453368631	0.0819603302873962	0.357060015875866
CAGL0K03069g	-1.93098653329324	5.6712945852731	-14.8013562729813	0.000972007073007553	0.0822442875325547	0.286154552916378
CAGL0I10054g	-1.17022227974578	4.1510339773106	-14.5033918542687	0.00102825330998122	0.0833779314397815	0.21911140748369
CAGL0F08195g	3.59814739354679	3.15520496572938	14.0778965396291	0.0011164855575912	0.0867602318711496	0.120440866511996
CAGL0J10494g	-1.68910814389833	4.95998234500702	-13.8139993904526	0.00117642036032967	0.0889469177843852	0.0574370026814721
CAGL0D04400g	-2.24238705598682	-2.59503951007939	-13.3049456359504	0.00130494382323533	0.0958635618043797	-0.0682145282839928
CAGL0L04378g	-2.36878552528418	5.30106638022585	-13.0309988331845	0.00138205404260899	0.0961904153448074	-0.138185905683704
CAGL0G02739g	-8.79092372420546	1.47230959527524	-12.9375681697181	0.00140976122578627	0.0961904153448074	-0.162441526878274
CAGL0E01837g	-1.32367494743618	5.92238460974901	-12.7700019258254	0.00146136716088442	0.0961923442958629	-0.206454994764993
CAGL0F06677g	1.68681491044118	1.07282612076968	12.544866361888	0.00153480900500499	0.0987040963563551	-0.266647568079724
CAGL0M00880g	-1.65691161080666	8.12598831704363	-12.4870554317067	0.00155447057544617	0.0988325326093334	-0.282303898547089
CAGL0C05643g	-5.59465377605135	-0.918906150047125	-12.3566383560755	0.00160009422914909	0.0997843819270167	-0.317929397714061
CAGL0L03685r	2.60036200189027	2.35586325246714	12.2931932540879	0.00162294526458597	0.0997843819270167	-0.335415630399555
CAGL0C04323g	-1.40983568448132	3.39678373985841	-11.9676119533397	0.00174743152429508	0.103625294762999	-0.426789011421242
CAGL0A00737g	-2.23870960213175	2.08984835879469	-11.847677226627	0.00179654219696352	0.103625294762999	-0.461157462117384
CAGL0H02563g	-1.18289787282216	4.52239198183571	-11.6807885335991	0.00186803576019246	0.105131201571324	-0.509636011966982
CAGL0H03416r	1.43398709124396	-0.176412625950337	11.4120236589205	0.00199148794005843	0.105131201571324	-0.589356132308954
CAGL0L02321g	-2.28452249728905	3.64242062851274	-11.4114526175828	0.00199176181707959	0.105131201571324	-0.589527726520165
CAGL0L02827g	-1.34911242684417	4.69202135227018	-11.2189481020495	0.00208706857233841	0.105480926542094	-0.647922083929651
CAGL0K07524g	-1.4924013143573	7.5900870052441	-11.1811296645926	0.00210651293785983	0.105480926542094	-0.659523930258658
CAGL0L07766g	-2.07736023599446	3.15858697484702	-11.0919355101713	0.00215335205790223	0.105480926542094	-0.68705863703359
CAGL0K04169g	-1.01363204189326	5.9995026008295	-10.8400088242086	0.0022934905173628	0.10660048261338	-0.766160848999052
CAGL0M02629g	-2.05015030342147	7.98847934241633	-10.7106857818841	0.00237023912798615	0.10660048261338	-0.807550223325267
CAGL0C02321g	-1.61201372928473	5.87018031495051	-10.68411281038	0.00238643756711958	0.10660048261338	-0.816122102809191
CAGL0D01265g	-2.93937079902576	2.20733536705493	-10.6830288375659	0.00238710150943891	0.10660048261338	-0.816472260772695
CAGL0J07040g	-1.42241900302303	7.23686683910477	-10.6529915198664	0.00240559931175745	0.10660048261338	-0.826190643116904
CAGL0E01859g	-2.37268172006127	3.84081380889814	-10.650918422976	0.00240688311542067	0.10660048261338	-0.826862476612471
CAGL0I07865g	-1.96205840237236	5.16851432728473	-10.5792977317963	0.00245180981403138	0.10660048261338	-0.850160185221503
CAGL0E02255g	1.22556208883822	9.67565849745794	10.5169000684693	0.0024918792273291	0.10660048261338	-0.870597266878788
CAGL0L00429g	-1.08803765175323	6.94540269119971	-10.510685405008	0.00249591835966985	0.10660048261338	-0.872639925111844
CAGL0C00209g	-1.82766801986468	0.715907824152058	-10.3089055455353	0.00263201249706405	0.108280220007893	-0.939678403556306
CAGL0M03025g	-1.20348483035686	3.79629364487297	-10.1799521544951	0.00272427861725179	0.10887384902517	-0.983263743637964
CAGL0K08338g	-1.10194960816913	4.44962394003599	-10.1051112754864	0.002779838133432	0.110004539195545	-1.00883115184719
CAGL0M03465g	-1.45497814148306	0.753314158239193	-9.98735055918815	0.00287040054274024	0.110004539195545	-1.0494726263532
CAGL0E05984g	-4.57147560781472	2.68006965099984	-9.88701508038957	0.00295073230448791	0.110004539195545	-1.08450431708386
CAGL0M11000r	-2.24544266909482	-2.59351170352539	-9.86602138779351	0.00296792339823621	0.110004539195545	-1.09188186156473
CAGL0D05170g	-9.68746629296131	2.28918352114409	-9.84802627817947	0.00298276681814206	0.110004539195545	-1.09821889669761
CAGL0H01177g	-1.4725319816816	6.42326558287725	-9.82987880754753	0.00299783757251145	0.110004539195545	-1.10462200959233
CAGL0E06292g	-4.30523137879438	2.34897184775988	-9.79113232763544	0.00303036070009005	0.110004539195545	-1.11833517122764
CAGL0L13409r	6.42401114820308	4.19897926969028	9.71819063534094	0.00309289077972763	0.110004539195545	-1.14430690814276
CAGL0K12254g	-1.12239306720734	7.68317663483266	-9.70260952061154	0.00310647313545953	0.110004539195545	-1.14988139217912
CAGL0F02387g	-1.35636003952891	8.23231515124562	-9.59328345300574	0.00320407644361834	0.111197861164988	-1.18926215544932
CAGL0H02101g	-2.64725622214891	4.76089480816479	-9.56517855728138	0.00322983488208089	0.111197861164988	-1.19946214257774
CAGL0G01738g	-2.57272917445577	5.56804740010226	-9.5147558977043	0.00327675262565383	0.111197861164988	-1.2178408426537
CAGL0J03883r	2.64552119634153	3.85197118286569	9.49148524454024	0.00329871604168294	0.111197861164988	-1.22635726823327
CAGL0K04257g	-2.6425674146652	2.57365520756449	-9.42888774768374	0.00335879151686917	0.111197861164988	-1.24937509433408
CAGL0B02137r	2.45663856561759	0.593528972164188	9.08036907022084	0.00372176195582339	0.114614902451059	-1.38051025365837
CAGL0L13398r	4.26670011709585	11.7492656630059	9.05136138765306	0.00375431506596662	0.114614902451059	-1.39165898092657
CAGL0C02365g	-1.27851028989269	2.37814156108539	-8.95006530054294	0.00387104979833951	0.114614902451059	-1.43088170031196
CAGL0B02882g	-5.44347602070898	3.22313721778505	-8.93005356579487	0.00389468852087086	0.114614902451059	-1.43868443113115
CAGL0E04884g	-1.06437542438966	6.71550791630689	-8.85797155509867	0.00398146575230901	0.114614902451059	-1.46693931680984
CAGL0J00363g	1.83313979581741	1.52022687804173	8.85289486741156	0.00398767527052777	0.114614902451059	-1.46893816954428
CAGL0J02508g	-3.80805167798146	4.96437839839747	-8.80169377836094	0.00405103753826261	0.114614902451059	-1.48916352821244
CAGL0E01793g	-1.88805987958473	8.16936855285235	-8.69952853389792	0.00418158322507807	0.114614902451059	-1.52988254477795
CAGL0J02530g	-2.63685651464966	2.46466469979299	-8.67850034541068	0.00420915407965305	0.114614902451059	-1.53832406499805
CAGL0F06941g	-1.66217274868579	8.11789851156334	-8.67031012346833	0.00421995887487368	0.114614902451059	-1.54161757255145
CAGL0G06050g	-10.1394759256654	2.75795310687576	-8.51538950354535	0.00443156742504846	0.118069617824505	-1.60451802940951
CAGL0F07777g	-2.33117886256525	5.34037041374443	-8.42278616688671	0.00456492337027503	0.119909606838914	-1.64267270776151
CAGL0J00561g	1.10949564925712	9.01468518254647	8.33835250848396	0.00469126753293312	0.120620964841736	-1.67783210502187
CAGL0M10351g	-1.29277796728457	6.56675169704984	-8.25482894464681	0.00482092702530265	0.121103129538042	-1.71296671678327
CAGL0K05390g	-2.16927171006988	7.31232705642897	-8.24892895882925	0.00483026756362129	0.121103129538042	-1.71546205508868
CAGL0C00539g	-1.11163502877454	6.30592260410566	-8.23622225090666	0.00485046704419846	0.121103129538042	-1.72084230916723
CAGL0D06600g	-2.55847509284275	6.47921825244423	-8.22509251158863	0.00486825320608437	0.121103129538042	-1.72556168489881
CAGL0L04598g	-1.34286548722278	5.86837491291379	-8.16292214318408	0.0049692388114598	0.121103129538042	-1.75204214456399
CAGL0M11902g	-2.5615509224079	1.39689371940272	-8.14335618591003	0.00500160344518429	0.121103129538042	-1.76041768552411
CAGL0H03311g	-1.63509727843243	0.843373726713878	-8.09280382662476	0.00508654788944412	0.121103129538042	-1.78215084458066
CAGL0L09493g	1.15776678226862	3.38331424425144	8.00515131076359	0.00523849484094557	0.123668264283082	-1.8201564618977
CAGL0H08261g	-1.03644698281919	2.40423557331551	-7.92157105565687	0.00538912634201054	0.124768845775898	-1.85678343448833
CAGL0G04829g	-1.23148078503404	4.53598784786243	-7.8376442451201	0.00554630552820401	0.126144631830494	-1.89394937492859
CAGL0G09273g	1.27519564058436	5.10085670021143	7.69533040638364	0.00582723474717757	0.12824078244824	-1.95787757867559
CAGL0K01961r	4.019222856748	3.21886788489876	7.67126020158269	0.00587663013006312	0.12824078244824	-1.96880482127564
CAGL0K03421g	-2.90847113789702	4.34778167021231	-7.66047721758258	0.00589894096160096	0.12824078244824	-1.97371092130645
CAGL0J11550g	-2.22889320129479	3.01085655013009	-7.65664152634202	0.0059069047659075	0.12824078244824	-1.97545773671846
CAGL0I10747g	-1.60483124335399	8.00116136721815	-7.65347056074382	0.00591349936144107	0.12824078244824	-1.97690247634157
CAGL0M12474g	-1.9140468070696	2.97121915909521	-7.58103826708936	0.00606686944359033	0.129509664672091	-2.01006422925568
CAGL0L03267g	-3.84820894294518	6.01280002875759	-7.53914140832687	0.00615803099752313	0.129509664672091	-2.0293875185556
CAGL0I00242g	2.0904170648329	4.56964631028107	7.51182497324993	0.00621846148658817	0.129562894336025	-2.042042630511
CAGL0G02882r	1.84689686974321	1.80717019043698	7.49837604560667	0.00624850672591693	0.129562894336025	-2.04828970249768
CAGL0M05401g	1.18164607056071	1.35117626427045	7.49665534884138	0.00625236487412453	0.129562894336025	-2.04908975876465
CAGL0C04939g	-1.3808957784374	4.04143635473766	-7.44097042560931	0.00637896940034398	0.129865766941042	-2.07507792192678
CAGL0K05687g	-1.22529799073203	1.58314255309483	-7.41239642381896	0.00644527429808143	0.130185233565941	-2.08848683428364
CAGL0K04301g	-2.02827503134156	2.9076856134818	-7.31686247658312	0.00667379888625291	0.133074464146089	-2.13368443499465
CAGL0L01771g	-1.54104390076001	4.9286698981544	-7.28867777731835	0.00674329452181343	0.133294396346865	-2.14712775110161
CAGL0J08316g	-1.89392188604952	6.43011150224681	-7.14548959389962	0.00711179133272748	0.135232156665562	-2.21620701608277
CAGL0I09724g	1.60888151337526	4.52085974160893	7.10718969209205	0.00721492367102376	0.136376682227628	-2.23490949153544
CAGL0J01463g	1.93230329894249	1.5696367244682	7.08183148026831	0.00728431444669947	0.136391956303023	-2.24734544753392
CAGL0G01320g	-1.17824586672241	5.39732566266956	-7.06419467524161	0.00733310531152409	0.136391956303023	-2.25601984664723
CAGL0J01994r	4.05423024682612	-1.0090681417614	6.97514371742531	0.00758627603394868	0.136776818081785	-2.30013601917503
CAGL0J08294g	-1.80975074974432	7.10669849760097	-6.96714314680178	0.00760959254402945	0.136776818081785	-2.30412573324043
CAGL0I05610g	-2.27240521866784	3.48197260807102	-6.95397690607069	0.00764817345777438	0.136776818081785	-2.31070094125012
CAGL0I03872g	-1.04579958702882	5.85760330188643	-6.94676541792915	0.00766941652064724	0.136776818081785	-2.31430736365382
CAGL0L06622g	-1.06300192509096	6.86623187585469	-6.93491135526834	0.00770450770156964	0.136776818081785	-2.32024323753412
CAGL0L06050g	1.71347746449419	-0.0366674393252225	6.93035716435883	0.00771804660132826	0.136776818081785	-2.32252628990192
CAGL0J03080g	-1.34046429488675	1.68827912909503	-6.92801638812609	0.00772501778620986	0.136776818081785	-2.32370029342481
CAGL0J04004g	-2.38936581678485	4.40576973761229	-6.87273745814366	0.0078921314500945	0.137904881492479	-2.35153493118975
CAGL0M06889r	1.49967106958364	-0.724010447294159	6.82746637175713	0.00803262146700692	0.137904881492479	-2.37448848143639
CAGL0G04763g	-1.06476885193232	7.87942212284644	-6.68248349145709	0.00850576707450485	0.140933382100469	-2.44897540324591
CAGL0L07612r	1.67304148553252	-0.230313835604663	6.67054708420783	0.00854636929198871	0.140933382100469	-2.45517530259799
CAGL0I00748g	-1.45024682379715	9.55760549331192	-6.66529513772545	0.00856431633854502	0.140933382100469	-2.45790651105569
CAGL0M09020g	-1.05486940945173	2.44350806318736	-6.63100775482723	0.0086827343219366	0.141806787263377	-2.47578685034217
CAGL0B02453g	-1.85992606023545	6.25710434055346	-6.55330480531103	0.00895933717192884	0.143685789105661	-2.51662921612925
CAGL0K10604g	-1.90317781327168	4.8387325557592	-6.51331600380724	0.00910629915921786	0.143685789105661	-2.53782419311318
CAGL0H06468r	2.28650774066892	0.217255474369009	6.48972245384004	0.00919452492110164	0.143685789105661	-2.55038604685135
CAGL0L13392g	2.62923135994984	3.85056365925317	6.48887180725304	0.00919772717546869	0.143685789105661	-2.55083974491797
CAGL0E01815g	-2.20860321684534	1.30065776678536	-6.47630794795696	0.00924519822663768	0.143685789105661	-2.55754718975929
CAGL0F00891g	-2.42061488150205	-2.50592559732178	-6.46012188276298	0.0093068403526718	0.144243135105814	-2.56620620068119
CAGL0F05863g	-1.15948425197	8.8508110338198	-6.33175129544257	0.00981577457726359	0.147866109200432	-2.63559855766444
CAGL0C02739g	-1.55734668159696	6.22298838342576	-6.32396405559505	0.00984783445010506	0.147866109200432	-2.63984960325566
CAGL0F01353r	-1.66987396598102	-2.88129605508229	-6.31537817026264	0.00988334500863445	0.147866109200432	-2.64454220302929
CAGL0F08899r	-1.66987396598102	-2.88129605508229	-6.31537817026264	0.00988334500863445	0.147866109200432	-2.64454220302929
CAGL0M06149g	1.11930225077538	5.54834043377552	6.12126810363426	0.010734029721228	0.152428670787489	-2.75222016338351
CAGL0L05786g	-1.15426006211391	3.86349158991688	-6.09012986126164	0.0108795097116762	0.153511710923377	-2.76978185762375
CAGL0K01771g	1.79922476160452	4.03170418988755	6.05416601290497	0.0110508352295533	0.153820509436091	-2.79016657573448
CAGL0C05577g	2.09431434278539	-0.655472388893116	6.04763427029792	0.0110823376491092	0.153820509436091	-2.79388057917376
CAGL0M06963g	-2.12839638691576	2.47281719483849	-6.0285005963416	0.0111753125750116	0.154384873721456	-2.80478101883991
CAGL0E05632g	-3.08714738421947	5.32424141035361	-5.97250701217903	0.0114534600493995	0.156564422784072	-2.83686054763206
CAGL0C05027g	-3.1363800506668	4.44030458738203	-5.89647792335763	0.0118461423039902	0.157379991533088	-2.88085375219069
CAGL0J11968g	1.35877689632844	-0.0731815410026233	5.8598635215369	0.012041678869207	0.157379991533088	-2.90222149156553
CAGL0K10164g	-3.99989048413697	5.86641505638418	-5.85466633432723	0.0120697826398695	0.157379991533088	-2.90526415771738
CAGL0K05863g	1.1975165778981	7.0297072420587	5.83451866843767	0.0121795628336708	0.157379991533088	-2.91708229479892
CAGL0K12034g	-1.03411769198994	7.97577320663785	-5.75599769224037	0.0126203583989625	0.158804208155639	-2.96348967058327
CAGL0A03355r	1.86016426861869	3.31142923225971	5.74930235677344	0.0126589234740688	0.158804208155639	-2.96747266158522
CAGL0G07601g	-1.12870887169498	7.4832478637486	-5.72865228633662	0.0127788629235742	0.159237723958569	-2.97978307790814
CAGL0F04807g	-1.75297572043873	6.20553359831074	-5.65033797998817	0.0132477579076295	0.162190821648112	-3.02682820981129
CAGL0D00627r	2.84432466641509	-0.051683648878433	5.64386520686068	0.0132875331153239	0.162322593406631	-3.0307421648566
CAGL0M04917g	1.49661545647564	-0.722482640740157	5.5915102654671	0.0136151849015719	0.162521133487319	-3.0625456043752
CAGL0G05544g	-1.17683515128823	5.89399866987941	-5.58751976944319	0.0136405985193785	0.162521133487319	-3.06498034096517
CAGL0G05269g	-2.44345238812252	2.28543006968712	-5.57067684425434	0.0137485629551775	0.162521133487319	-3.0752735469618
CAGL0L03916g	-1.1207327346228	5.2521058830354	-5.5660348394642	0.0137785187315734	0.162521133487319	-3.07811518860446
CAGL0I01936g	2.94945705070966	-2.24150451271797	5.55641020355772	0.0138409062289911	0.162521133487319	-3.08401358263981
CAGL0L08547g	-5.86576106400278	0.378330906664827	-5.55090016612733	0.0138767922290164	0.162521133487319	-3.08739438364385
CAGL0H04939g	-1.82358766258684	0.271969471003231	-5.53640757863088	0.0139717742227099	0.162521133487319	-3.09630059946158
CAGL0M00154g	-3.09798488214533	-2.16724059700014	-5.53116032788625	0.0140063774858646	0.162537175843203	-3.09953022952579
CAGL0J10868g	-1.04785315564097	1.977646240421	-5.37324995162398	0.0151034172253437	0.167333558740172	-3.19798698555773
CAGL0J05390g	4.03862651549296	-1.04408486227481	5.3687724157906	0.0151361661330396	0.167333558740172	-3.20081492719848
CAGL0M05951g	-1.3810699280701	4.12780166112538	-5.34750910389873	0.0152929843451253	0.167333558740172	-3.21427219633278
CAGL0D04708g	1.69427909446517	8.11063181799271	5.34609851962701	0.0153034638497435	0.167333558740172	-3.21516655858787
CAGL0G05951r	1.55115673160104	1.48503740841962	5.32388284932821	0.0154697766080944	0.167573094197758	-3.22927883419125
CAGL0I07837g	-1.20453657207459	2.93744575476714	-5.31653285022798	0.0155253302067518	0.167573094197758	-3.23395893972094
CAGL0L04906r	-1.67661420275581	-2.87792593669489	-5.30950567474117	0.0155786923699391	0.167573094197758	-3.23843866207995
CAGL0L05984g	-1.67661420275581	-2.87792593669489	-5.30950567474117	0.0155786923699391	0.167573094197758	-3.23843866207995
CAGL0J06028g	-3.22624946994626	5.8494188812035	-5.3025470560649	0.0156317747486439	0.167573094197758	-3.24287967427216
CAGL0H09966g	1.32112634737507	3.76737183410739	5.1865931423403	0.016552836831056	0.172059222737174	-3.31762150874046
CAGL0L10879r	1.94751915309927	1.55229907897776	5.14430472413786	0.0169066887632618	0.173564997487064	-3.34523223810038
CAGL0E03674g	1.05166784160773	5.5632280313722	5.12622103504832	0.0170610758376258	0.173654165712945	-3.35709772530457
CAGL0B04213g	-1.16922264462605	5.14233619306023	-5.12075885768283	0.0171080767194521	0.173654165712945	-3.36068861240496
CAGL0E03850g	-1.32476358392312	7.04032867780649	-5.1077646220749	0.0172205830530526	0.173738989064045	-3.3692440862826
CAGL0J02552g	-4.22383824172308	2.06435279344411	-5.06905952132526	0.0175615787036859	0.174778417684995	-3.39483624457698
CAGL0L03157g	-2.98772517731145	4.13599985630002	-5.03815177470224	0.0178403482140474	0.176354678900345	-3.41539025152862
CAGL0F04631g	-6.02249765469541	0.699463971390778	-5.03444856023966	0.0178741423129792	0.176377118591038	-3.41785997831724
CAGL0M02167g	-1.1248896174968	5.23240236668078	-5.02611969190441	0.0179504595490701	0.176818347142688	-3.4234201503078
CAGL0K07175r	1.96106866523169	-0.315083823954907	5.01552933707492	0.0180481249088564	0.177156594500091	-3.430501120773
CAGL0C03384r	1.7482482438903	0.426357034963873	4.99775895856991	0.0182135965253514	0.177844803768484	-3.44241078892392
CAGL0E01881g	-2.1166882374571	5.93720853915069	-4.95061586812064	0.0186624470396244	0.179199261065538	-3.47417688084938
CAGL0I08591g	-1.46408610495913	3.6372241602885	-4.93210137067908	0.0188427381551916	0.179199261065538	-3.48672075898172
CAGL0H03619g	-1.54658230445546	6.09089810698245	-4.91040802368286	0.0190569366101868	0.179199261065538	-3.5014678085042
CAGL0L05434g	-3.20977590218051	6.30361472535129	-4.89019060581278	0.0192594794288175	0.179717628472049	-3.51525981956859
CAGL0M07693r	1.38271803384799	1.05655528726288	4.85813356356204	0.0195865275745968	0.179739100450994	-3.53722477234503
CAGL0F02948r	1.53602691947951	1.31905162080124	4.83132577729132	0.0198656990918565	0.180964941444886	-3.55568418110973
CAGL0A02002g	-1.85995025407855	1.59633227655959	-4.78503251718726	0.0203603366059865	0.18155357682121	-3.58775828201613
CAGL0L00205g	3.63782972560044	2.0287562966494	4.78420346940163	0.0203693428485419	0.18155357682121	-3.58833497712713
CAGL0G02849g	-1.78475723717213	4.40182547997368	-4.7565479955371	0.0206728232476191	0.18155357682121	-3.60761897575204
CAGL0H07469g	-1.45469633414802	0.529421981293724	-4.74716558455018	0.0207771421366954	0.18155357682121	-3.6141818722675
CAGL0C00275g	-1.00376180145627	6.73815416539114	-4.69801781823799	0.0213351393780223	0.182114768017189	-3.64873200808826
CAGL0H08173g	-2.36504333901196	5.90543246329007	-4.68615335817516	0.0214728077663939	0.182114768017189	-3.65711604345993
CAGL0D05082g	-1.41172942463026	6.56770181472707	-4.61585807363946	0.0223130701819691	0.184276593337376	-3.7071413807717
CAGL0F05137g	-2.21496717067984	2.16294988097552	-4.59108521615443	0.0226195412223936	0.185655145799529	-3.72491539420065
CAGL0C05401g	2.13895623470883	-2.64675492071838	4.56096940430277	0.0229996530892057	0.186767865071271	-3.74662541765745
CAGL0F00132g	2.13895623470883	-2.64675492071838	4.56096940430277	0.0229996530892057	0.186767865071271	-3.74662541765745
CAGL0K12067r	2.13895623470883	-2.64675492071838	4.56096940430277	0.0229996530892057	0.186767865071271	-3.74662541765745
CAGL0F08107g	-1.17277394023309	8.69931413053339	-4.52024654171548	0.0235271883882349	0.187492216110831	-3.77616236806072
CAGL0K07458g	-1.0627441057894	5.2478183497003	-4.4954329010291	0.0238564897115902	0.187492216110831	-3.79426268888413
CAGL0G02101g	-1.31907262504171	8.61859831068313	-4.48199650006686	0.0240373474211487	0.187492216110831	-3.80409652221571
CAGL0H08888g	-1.50897947848442	3.78539664869111	-4.48117762308356	0.0240484281928262	0.187492216110831	-3.80469658590865
CAGL0L01595r	2.69348561630049	-1.68944045702421	4.48034937239622	0.0240596426696544	0.187492216110831	-3.80530360560775
CAGL0I04704r	3.81593695464848	-1.80826456074856	4.47538448955136	0.0241270119492622	0.187747749452187	-3.80894417350449
CAGL0D01958g	-1.11044376027197	9.04087733879604	-4.46862928078036	0.0242190750761132	0.18814002896897	-3.81390258325543
CAGL0F06325g	-1.20731043993347	5.70302253386189	-4.44319564677397	0.0245698864617135	0.189090116579487	-3.83262369911763
CAGL0L08103r	1.71051040735656	1.28015243100876	4.42338639373677	0.0248477799626184	0.189922580451981	-3.84726257267682
CAGL0H03663g	-1.36042195156122	5.13908157515099	-4.40613624709901	0.025093161538051	0.190457375457069	-3.86005169419447
CAGL0F07513g	-2.00157608575556	4.45597190914414	-4.38564838344005	0.0253887704869122	0.191442278806299	-3.87529156149822
CAGL0H08844g	-2.75654209310554	6.67515334600488	-4.32702933658919	0.0262603293399186	0.194862788669555	-3.91919962010955
CAGL0M13189g	-1.82742661035373	5.22643797019022	-4.31307970653129	0.0264735261907929	0.194909690971441	-3.92971543961397
CAGL0B02904g	-2.35219021844526	0.760022022210389	-4.29839360216535	0.0267004506693788	0.195279766660359	-3.94081447772501
CAGL0G09515g	-1.38302978184248	5.99684965266203	-4.26118606447318	0.027286953714719	0.196558143852625	-3.9690635443858
CAGL0L06094g	-1.53790892200722	4.04556785000324	-4.26056951661957	0.0272968146154584	0.196558143852625	-3.96953321608402
CAGL0B02563g	-1.2624989322909	6.45088966652279	-4.23741674596445	0.0276705355265038	0.197636224854315	-3.98720770230698
CAGL0E04554g	-2.87184792992635	3.79021100880277	-4.20768963632209	0.0281603169395598	0.199255791117235	-4.01000782330809
CAGL0L05720g	-1.28579286710136	4.39133283798759	-4.20071549244388	0.0282768718761545	0.199255791117235	-4.01537434874433
CAGL0H02387g	-1.99955812457535	5.59445583550315	-4.19362278809271	0.028396060197309	0.199674360820974	-4.02083894834701
CAGL0B02948g	-1.02192214274135	2.74445894799392	-4.19293529938775	0.0284076481167999	0.199674360820974	-4.02136899381607
CAGL0M01760g	1.00322026409163	8.75743678326478	4.1891791175706	0.0284710701679698	0.19986905594704	-4.02426611188545
CAGL0B00110g	-1.89865754418085	-2.76690426598237	-4.15496830169982	0.0290573748691671	0.201707211405695	-4.05074226226253
CAGL0I03058r	-1.89865754418085	-2.76690426598237	-4.15496830169982	0.0290573748691671	0.201707211405695	-4.05074226226253
CAGL0I03080g	-1.89865754418085	-2.76690426598237	-4.15496830169982	0.0290573748691671	0.201707211405695	-4.05074226226253
CAGL0D03894g	-1.36407050729559	5.41300729273922	-4.12638013249921	0.0295595530628057	0.203721852379215	-4.07299148255399
CAGL0I10450g	-1.02975259907197	0.172178650662016	-4.09088193972483	0.0301991117336001	0.204804885029688	-4.1007776040696
CAGL0M04763g	-1.19660845183549	3.96693432077553	-4.05714094184191	0.0308239682709232	0.206539044881216	-4.12735295433248
CAGL0A01826g	-1.02055397410413	-0.698397174820973	-4.04708741160253	0.0310134303002241	0.207253337556064	-4.13530263184196
CAGL0H02981r	1.63195721383968	-0.886650953365969	4.04364051820138	0.0310787399838316	0.207253337556064	-4.13803152507361
CAGL0G04455g	-2.81266258213926	-1.51682097575786	-4.02537502791815	0.0314278535329705	0.207569281921948	-4.15252056718397
CAGL0E01727g	3.71405790867522	7.70366710997943	4.01799424631951	0.0315703844801057	0.208052180407764	-4.15838889703896
CAGL0I06743g	1.07887721587018	8.07892294234158	3.98702760262465	0.0321777142614459	0.209342222433476	-4.18309531654877
CAGL0K05063r	1.85334758393172	1.73469532843146	3.96846838921729	0.0325490626514844	0.210977230266903	-4.19796898970529
CAGL0G02057g	-1.27635542165779	4.05686390878468	-3.96592653801957	0.0326003589004819	0.210977230266903	-4.20000996357045
CAGL0M11652r	2.53938690203779	-1.79370466900239	3.95906809981268	0.0327392965784263	0.210977230266903	-4.20552161852972
CAGL0E01705g	-6.16023021909611	6.48730548356119	-3.94963917191556	0.0329315769604449	0.211207571880788	-4.21311018052194
CAGL0L03982g	-1.30680888346877	4.9903304565896	-3.92991969246677	0.0333385185139376	0.212689864407618	-4.22902272336231
CAGL0D06688g	-1.67763167186499	9.83983953233145	-3.87295237326475	0.0345517471519225	0.216565206758785	-4.27531340049025
CAGL0G06996g	2.13136243156729	-1.3176671313393	3.83339382188575	0.0354284058919335	0.218788003273033	-4.3077412828946
CAGL0I10362g	1.12766442894798	1.3325777350087	3.79268109471045	0.0363612740070931	0.219512504265879	-4.34136031579719
CAGL0G09977g	-1.14997209831319	7.15776065859616	-3.783745539443	0.036570303008035	0.219512504265879	-4.34877244741844
CAGL0E06644g	-2.54506151754284	-1.65062150805607	-3.78321994953822	0.0365826469540139	0.219512504265879	-4.34920880623044
CAGL0I05346r	1.74016592609327	-0.947492530845308	3.78226731845355	0.0366050342234254	0.219512504265879	-4.34999981284642
CAGL0B02970g	-2.09133943388183	5.34718972524305	-3.77837940362985	0.0366965878724307	0.219825919856798	-4.35322952728125
CAGL0M12881g	-1.23097011912528	8.87985550129353	-3.76191711514704	0.0370875787535559	0.220636765943928	-4.36693030431335
CAGL0L00649g	-1.17635205397252	4.8172868708174	-3.73810196121954	0.0376628918002411	0.22115373976641	-4.38682364061205
CAGL0G09108g	-1.90845339406365	-2.76200634104097	-3.73365341161377	0.037771646512147	0.22115373976641	-4.39054923082252
CAGL0L01045g	-1.90845339406365	-2.76200634104097	-3.73365341161377	0.037771646512147	0.22115373976641	-4.39054923082252
CAGL0B03619g	-1.124517058339	6.23524843676353	-3.70132852701872	0.0385743434515785	0.224009729988751	-4.41771212915522
CAGL0G07150r	2.25158744179059	-1.91038954427917	3.68473439319152	0.0389950662101375	0.224925149944041	-4.43171893492399
CAGL0H06039g	2.25158744179059	-1.91038954427917	3.68473439319152	0.0389950662101375	0.224925149944041	-4.43171893492399
CAGL0D02134g	-1.47332976388848	3.54365064021365	-3.67591176856478	0.0392211909199937	0.225167474477398	-4.43918331651289
CAGL0M02915g	-1.91585914896207	0.541856487468791	-3.6290001754786	0.0404526915322747	0.226414925963005	-4.47907637903236
CAGL0C04741g	-1.88926176398099	6.99957820895064	-3.62485579267425	0.0405638964794184	0.226414925963005	-4.48261725197954
CAGL0K08041r	3.07764781044075	-0.0937835263815524	3.61740554787945	0.0407648099882407	0.226414925963005	-4.48898936278534
CAGL0B03817g	-1.26110291595381	5.22309246112679	-3.60300160967277	0.0411569359824068	0.227198074066712	-4.50133363811164
CAGL0B02860g	-1.29827938696088	6.1491552038866	-3.60231158283725	0.0411758439863532	0.227198074066712	-4.50192581602089
CAGL0L13090g	1.13021756304539	4.3484891565302	3.58832596632408	0.0415615249864302	0.228149100537786	-4.51394440217129
CAGL0F06600r	1.13162604800827	-0.0708935862082245	3.56504332594693	0.0422140833054393	0.228864143501873	-4.53402105019445
CAGL0J04202g	-3.05783066091213	8.1716416262328	-3.50824508877245	0.0438628637903152	0.232178545796417	-4.58336025133216
CAGL0M05445g	-1.0080232226401	5.82383129449255	-3.48178925307959	0.0446594290703634	0.23285282771337	-4.60651828227406
CAGL0M07687r	1.10249138950709	-0.749171880533828	3.47532272683819	0.0448569830506148	0.23285282771337	-4.61219589299772
CAGL0M12969g	-1.24147136098375	4.48647993130836	-3.45873983818874	0.0453688051314925	0.233307412417923	-4.62678656961637
CAGL0I07139g	-1.21594073541521	8.16963336084337	-3.45129009699016	0.0456012048223849	0.234072239432333	-4.63335582406365
CAGL0J09812g	-1.1133948800007	7.79230072871274	-3.44879030511239	0.0456795335312401	0.234259385982849	-4.63556218246326
CAGL0C04609g	-1.14281444967155	5.74174400810929	-3.4444916216613	0.0458146375199497	0.234737085095347	-4.63935864549503
CAGL0J06864g	1.2024255838091	0.0651443576157703	3.42330412674099	0.046488169222473	0.236230228004625	-4.65811469216374
CAGL0D04092g	-1.74438565966685	8.08051103288881	-3.4118732829151	0.0468568817804386	0.236418021339428	-4.66826413450452
CAGL0F08261g	-1.44998376826338	3.13367581599917	-3.33265193977899	0.0495192571744272	0.242725949276506	-4.73919374086477
