genesymbol3.240m	logFC	AveExpr	t	P.Value	adj.P.Val	B
CAGL0A01243g	5.58430847365547	11.909706760598	51.3545528862669	1.64951963603365e-12	8.63523529463616e-09	18.8113603839673
CAGL0G06050g	10.975852377277	7.77283818243811	44.3512338173203	6.219056977798e-12	1.14298515039484e-08	17.7796111600763
CAGL0B02475g	10.2728103271995	11.7221299034515	41.5372583702473	1.12511512090816e-11	1.14298515039484e-08	17.2907492535672
CAGL0A01650g	5.04356537115023	9.3385542249989	41.5341658045894	1.12587280117585e-11	1.14298515039484e-08	17.2901849464822
CAGL0F05071g	3.91475313485127	6.97149328620044	41.3104980024319	1.18220256247561e-11	1.14298515039484e-08	17.2492067812437
CAGL0K07546g	10.2365882426514	10.9560755763681	40.5502755234833	1.39835261346768e-11	1.14298515039484e-08	17.1074543543322
CAGL0G05269g	9.16809533445521	7.24372590531215	40.1534498405933	1.52834690597209e-11	1.14298515039484e-08	17.0319102398143
CAGL0G02563g	7.73689194319227	3.8236169928252	38.6925352643104	2.13636771337836e-11	1.39798562244197e-08	16.7442276476227
CAGL0F08261g	6.46866199134588	7.29769393373498	35.5423200806026	4.59977981131254e-11	2.67553859024679e-08	16.0681886362035
CAGL0H08844g	4.92379589696101	9.27469390869057	34.462762352008	6.07603463750188e-11	3.18080413273223e-08	15.8172133291637
CAGL0G02717g	5.37475267511443	6.90017444643789	34.017975523192	6.83148652997349e-11	3.25116654403738e-08	15.7106989210696
CAGL0K11275g	3.36139685401946	7.18963952034868	33.5524462946829	7.73554903925474e-11	3.37463326837488e-08	15.5972013794868
CAGL0C05027g	6.39827061339668	7.15898143172217	32.8875221838594	9.26573172498486e-11	3.57860411600625e-08	15.431408907763
CAGL0K07524g	3.26365357963365	9.47784639616441	32.7697631589127	9.57028798931949e-11	3.57860411600625e-08	15.4015846869167
CAGL0L04378g	5.88848453100713	8.46054625559588	31.8080771539927	1.25176333823904e-10	4.19353348304234e-08	15.1526425377871
CAGL0H08888g	4.92695255283024	6.88372085226121	31.7247855519001	1.28169122690883e-10	4.19353348304234e-08	15.1306202934492
CAGL0E01881g	4.63520967334945	8.72634330301846	31.024299580958	1.5672704072135e-10	4.55616052145106e-08	14.9424013728904
CAGL0H03311g	5.92856826376826	3.19726310849632	30.8563558206461	1.6457999825301e-10	4.55616052145106e-08	14.8964602595268
CAGL0C02321g	4.04048326689397	8.46425878486022	30.8401186870765	1.65362081962885e-10	4.55616052145106e-08	14.8920015747123
CAGL0L02827g	3.69667317492726	7.41491254051882	30.3511235923428	1.90961188934943e-10	4.85986208993926e-08	14.7563003182434
CAGL0J02552g	6.31750027030663	5.61660188542963	30.2814925599463	1.94951487848566e-10	4.85986208993926e-08	14.7367501319205
CAGL0J04884g	6.13676348567226	6.82683101022246	29.7132065354576	2.31203826922532e-10	5.50160015427026e-08	14.5750301939083
CAGL0B03531g	4.2720305347157	5.05352580556046	29.3398210322526	2.59072683872275e-10	5.89671956552764e-08	14.4666317372975
CAGL0G06952g	2.58391904270451	9.42475057253091	29.0922640070723	2.79597420682001e-10	6.09871873862615e-08	14.393802867825
CAGL0E04708g	2.76385921158374	6.04048131047423	28.9268221451843	2.9431739652961e-10	6.16300628333002e-08	14.344697678544
CAGL0D00990g	4.35103406123566	7.53230521736953	28.7395567364049	3.1202493721633e-10	6.28250210125956e-08	14.2886902933687
CAGL0K04301g	5.64010017946273	5.43813920692201	28.0946705910298	3.82670171634321e-10	7.41954943890989e-08	14.0922925256259
CAGL0F04631g	13.310670290676	5.87567534924741	27.7781814447166	4.23697132817699e-10	7.43717248116454e-08	13.9938580828288
CAGL0G08734g	-4.46984069287599	5.66025026002372	-27.7692511030992	4.24923479322323e-10	7.43717248116454e-08	13.9910605833612
CAGL0K10824g	5.55171744884767	6.37282912701578	27.759992971338	4.26198996055274e-10	7.43717248116454e-08	13.9881592345368
CAGL0K07458g	3.86192893438886	8.23165897120506	27.2679298775976	5.005126081955e-10	8.45220485130143e-08	13.8322263125278
CAGL0M10351g	2.45861491121353	8.1034170400022	26.4660037683784	6.5442122729984e-10	1.07059222653583e-07	13.5706130830951
CAGL0D06600g	5.11404564030852	8.67520020537208	26.1727590500449	7.23269462749885e-10	1.12580811321749e-07	13.4725460805849
CAGL0G04829g	2.80757344106555	7.19428624138462	26.0928578093508	7.43394756441349e-10	1.12580811321749e-07	13.4455964658938
CAGL0I04444g	3.40550557896302	8.1448571027861	26.0567625632496	7.52689282953433e-10	1.12580811321749e-07	13.433389557654
CAGL0F03707g	2.90689093880051	7.15264881081754	25.8506985266765	8.08281618510568e-10	1.17537618691745e-07	13.3633117147125
CAGL0E06072g	2.95670568559466	6.92527571291407	25.4127593337724	9.42193420964182e-10	1.32081050425035e-07	13.2121392016221
CAGL0H08261g	4.54592519535338	5.61061842991491	25.3634422507007	9.58754520754788e-10	1.32081050425035e-07	13.194921486433
CAGL0J02508g	5.73063318885334	8.36794952914437	24.9178146542504	1.12394051736795e-09	1.5027823549293e-07	13.0375227796975
CAGL0F07117g	3.99075422487216	7.38951537810682	24.7985148978215	1.17335420674735e-09	1.5027823549293e-07	12.9948208740172
CAGL0J07040g	2.83318216809477	9.2442323848056	24.754923599463	1.1920065376493e-09	1.5027823549293e-07	12.9791575485548
CAGL0F07777g	6.84235166879198	9.61440783434285	24.723467127198	1.20567065724987e-09	1.5027823549293e-07	12.9678343778796
CAGL0E05984g	11.3502780096766	9.37332646874606	24.3555945871472	1.37904109778493e-09	1.66087035116022e-07	12.8341456744371
CAGL0C04543g	3.95999255290125	7.84414052078521	24.3188569331556	1.3978198539908e-09	1.66087035116022e-07	12.8206651254405
CAGL0M05951g	3.3260484464369	6.12154782172195	24.2615482585729	1.42768225028099e-09	1.66087035116022e-07	12.7995886584786
CAGL0J06050g	3.09087387019123	11.6678351468887	24.2010702901267	1.45996520250222e-09	1.66150387719546e-07	12.7772835042293
CAGL0C04939g	4.72524921506536	7.47636745017286	24.1047653676683	1.51305594346142e-09	1.68528677957883e-07	12.7416303583371
CAGL0E05148g	3.31172813265985	9.07650285060256	23.3901155973943	1.98100617321703e-09	2.16053485766483e-07	12.4717821352733
CAGL0G02849g	4.74059451454335	7.61509277401541	23.3130457375535	2.04039152365099e-09	2.17988767883937e-07	12.4421126931944
CAGL0H02101g	5.93933738331046	8.73203159276863	23.1642837697518	2.16068047236483e-09	2.22072122882597e-07	12.3845236046209
CAGL0H00528g	3.64708314213587	6.41245062707142	23.1609636059303	2.16345334613418e-09	2.22072122882597e-07	12.3832334496044
CAGL0F03113g	2.31331623218396	7.45178818386546	23.1008937121859	2.2143088424627e-09	2.22921284428697e-07	12.359854645556
CAGL0D02090g	-4.21185446393832	8.11414720619714	-23.0107634638042	2.29311732322413e-09	2.26499418624119e-07	12.3246454083579
CAGL0L05258g	3.74157217890706	6.30287432713697	22.9390217642646	2.35807128636067e-09	2.28601910816632e-07	12.2965064771351
CAGL0F07799g	2.52600275379967	7.80551778377099	22.7269218810285	2.56233946854942e-09	2.40317364210479e-07	12.2127231097044
CAGL0M06303g	-2.9803255851787	7.41342634366286	-22.7186141994281	2.57073016156386e-09	2.40317364210479e-07	12.2094232665544
CAGL0A01606g	3.8356786083459	4.97250492715004	22.5385289436809	2.76031238885438e-09	2.49899439687657e-07	12.1375527395078
CAGL0I05896g	2.63103015592096	8.05951192215204	22.528515540207	2.77129969290216e-09	2.49899439687657e-07	12.1335372981817
CAGL0B03927g	-2.36821316664279	6.11056546068446	-22.4493229902248	2.85992193424263e-09	2.49899439687657e-07	12.1017088844269
CAGL0M12969g	3.60344779135455	6.88145757430934	22.4362957883806	2.87479897014849e-09	2.49899439687657e-07	12.0964608771798
CAGL0E06116g	2.88283106614554	5.71667891087905	22.4041193838811	2.9119132418237e-09	2.49899439687657e-07	12.0834837685544
CAGL0M13541g	2.5306024347729	8.2567364777529	22.3591421593719	2.96468582283551e-09	2.50324681976514e-07	12.0653084372336
CAGL0I07865g	5.96440122766561	8.58668508588607	22.2540359848722	3.09219042135364e-09	2.54518135187462e-07	12.0226727519283
CAGL0E02651g	3.12298997058331	6.27474356455363	22.2384680271942	3.11158751709601e-09	2.54518135187462e-07	12.0163383010817
CAGL0K12034g	2.5934898661119	9.11698873625217	22.0941617717706	3.29794757864392e-09	2.65611624218476e-07	11.9573815023004
CAGL0I00748g	2.86779126882907	10.3697076323656	21.9821186608758	3.4511819884074e-09	2.73741480444133e-07	11.9113049414221
CAGL0H08778g	3.36765060792141	7.53219165729052	21.8530127335773	3.63761356209086e-09	2.82839152766575e-07	11.8578817948415
CAGL0J10494g	3.51879150068038	6.88161098538571	21.8287122375362	3.67393741893545e-09	2.82839152766575e-07	11.8477866548967
CAGL0E05588g	3.01910918945477	7.15539824910995	21.7791080999318	3.74933891844775e-09	2.84460713595275e-07	11.8271403196973
CAGL0M00154g	2.66694065939368	-3.10760784085455	21.6281543260401	3.98955358533539e-09	2.9836161456044e-07	11.763983306853
CAGL0I04554g	3.44442029658338	9.17708346842873	21.4046179872881	4.37720849656721e-09	3.22742063091962e-07	11.6695446694409
CAGL0G05698g	3.08399535564524	7.53892407562087	21.359185504372	4.46099849376156e-09	3.24351765483913e-07	11.6502155637686
CAGL0C05555g	2.56925314700551	6.75513991960534	21.2846649879985	4.60231042842321e-09	3.30042398531445e-07	11.6184113495403
CAGL0L00737g	2.36837487981103	8.36987776900106	21.1183021541858	4.93602622965223e-09	3.38851168446884e-07	11.5469596884721
CAGL0K04235g	2.8501104864759	9.94778154285381	21.0995924850186	4.97520452454497e-09	3.38851168446884e-07	11.5388848021327
CAGL0H02893g	3.1373517386268	7.75049790245918	21.0802407964626	5.0160900686639e-09	3.38851168446884e-07	11.5305244374356
CAGL0L04664g	3.65561237455564	8.98579851458596	21.0509115447677	5.07876739501714e-09	3.38851168446884e-07	11.5178372465769
CAGL0J08547g	3.00710568672054	6.29751320295257	21.0430231046365	5.09577292403768e-09	3.38851168446884e-07	11.5144215244771
CAGL0A00341g	3.77861994036088	6.18396937946972	21.0348247978368	5.11351333472852e-09	3.38851168446884e-07	11.5108701195521
CAGL0M11660g	6.50558253479234	9.48320446962244	20.9558228490894	5.2880181081788e-09	3.4603468495395e-07	11.4765683934584
CAGL0E06380g	3.84478410505119	7.62655933965099	20.8301156799966	5.57945348360138e-09	3.60598012180904e-07	11.4216906840623
CAGL0M08184g	2.80196592393063	5.94210786147375	20.7048692581931	5.88762316921899e-09	3.6361159981317e-07	11.366647775958
CAGL0C01397g	4.89503563429945	5.24653552578713	20.7019785794302	5.89495490482397e-09	3.6361159981317e-07	11.3653730408155
CAGL0M09449g	2.24252476866887	8.08890267577539	20.6820765289011	5.94570864258936e-09	3.6361159981317e-07	11.3565912613347
CAGL0D05082g	3.60242056692821	8.85710277980773	20.6113359504591	6.13006720965174e-09	3.6361159981317e-07	11.3253011781299
CAGL0G01716g	2.25742335818151	7.39195877052532	20.5996152098435	6.16122019679277e-09	3.6361159981317e-07	11.3201053820072
CAGL0C05115g	-2.87448494143684	4.8487476117952	-20.5795935614797	6.2148430280564e-09	3.6361159981317e-07	11.3112222414811
CAGL0C02739g	4.79428387323437	9.51045939904129	20.5661263514168	6.25120228905163e-09	3.6361159981317e-07	11.3052417827186
CAGL0L12144g	2.0111033675389	7.68010598620773	20.4817144260142	6.48453987833158e-09	3.7303918970402e-07	11.2676577916012
CAGL0J00803g	2.27199229062212	8.16128845585355	20.3721749726549	6.80184574139541e-09	3.79571682322155e-07	11.2186305156433
CAGL0K08932g	2.12418890890916	5.73328115574041	20.3714662457799	6.80395394863121e-09	3.79571682322155e-07	11.2183123616571
CAGL0K06787g	-2.44856778342288	7.9198797320856	-20.3474615849968	6.87578845580252e-09	3.79571682322155e-07	11.2075292500687
CAGL0J01870g	2.14705629332904	7.14584857121294	20.3433686482453	6.88812030957109e-09	3.79571682322155e-07	11.2056892688893
CAGL0K07678g	3.63673660002521	4.90368131078411	20.2565316550939	7.15561849285036e-09	3.90204820938246e-07	11.1665554379169
CAGL0M12793g	4.91951784032713	6.82308142442903	20.14553381384	7.51444454481079e-09	4.0475443377143e-07	11.1162641084009
CAGL0J04004g	6.30446507841035	8.42073684552645	20.1267657179993	7.57706485379181e-09	4.0475443377143e-07	11.1077305396258
CAGL0H07601g	3.64849675203382	3.61279880167892	20.0755181361464	7.75101833775029e-09	4.07832309519227e-07	11.0843845354218
CAGL0J08294g	2.75763202975237	8.34223716119817	20.0640660335302	7.79049301851436e-09	4.07832309519227e-07	11.0791585648
CAGL0G01738g	7.18703699004636	8.85741896953003	20.0345901632962	7.89312271519503e-09	4.09113835782633e-07	11.0656927166199
CAGL0L06006g	2.97372046519984	7.15942587008042	19.9644907565028	8.14326595640793e-09	4.17941149821525e-07	11.0335809756951
CAGL0A03388g	-2.83962815976379	9.68056361817483	-19.8687378592458	8.49925749479262e-09	4.27966326200556e-07	10.989517865074
CAGL0F03267g	2.43720576348461	7.5553098688846	19.867991062764	8.50210084524504e-09	4.27966326200556e-07	10.9891732966768
CAGL0K03069g	2.6864912887994	6.74492936246117	19.6824797638251	9.24218465478037e-09	4.5644185535637e-07	10.9031386859511
CAGL0J11176g	2.36318686940179	6.97615596615072	19.6356146899248	9.44025571039157e-09	4.6186671629813e-07	10.8812642309868
CAGL0E01859g	3.851621389143	6.42606513228627	19.5754412475289	9.70150106165224e-09	4.70253315349532e-07	10.8530946134088
CAGL0M12925g	2.49975511207372	7.06680377419381	19.4687900789786	1.01844369781062e-08	4.89133280554e-07	10.8029349390697
CAGL0H02387g	5.0315086441324	9.31005789972182	19.4071629474426	1.0475597811296e-08	4.98543223110316e-07	10.7738146168509
CAGL0K07590g	3.20078412770763	7.97808497650698	19.3798109996035	1.06077680156192e-08	5.00285275331228e-07	10.7608580147956
CAGL0H00704g	3.64378392040678	9.03749248139169	19.3309148640125	1.08486714689405e-08	5.07078528034853e-07	10.7376465014405
CAGL0I05390g	2.63361891375782	8.64808823638797	19.1894673586208	1.15803673977213e-08	5.36488702009478e-07	10.6701404400919
CAGL0B02926g	10.3792334542862	7.51385599670587	19.1566271575306	1.1757961230476e-08	5.39937956504754e-07	10.654390462943
CAGL0A04675g	3.55223886476908	5.70974402177197	19.1340018709531	1.18820692483252e-08	5.40892456652021e-07	10.6435225311421
CAGL0C02189g	-2.32694007924531	9.24340926163752	-19.0433606859991	1.23940248086468e-08	5.59333792010916e-07	10.5998440718486
CAGL0L00957g	2.25223283689018	7.75312454741285	18.885739453345	1.33435042666737e-08	5.97036280649887e-07	10.5233530007312
CAGL0C04917g	-2.69985312409704	5.93107793749643	-18.8527915455764	1.35519950753597e-08	6.01226222199221e-07	10.507277139061
CAGL0L09273g	4.18921568895423	5.30096106308155	18.7410987818105	1.42860773818943e-08	6.23483204236267e-07	10.4525549173409
CAGL0H03113g	2.41733590838771	6.16979609158207	18.7402416141631	1.42918786071351e-08	6.23483204236267e-07	10.4521336087522
CAGL0G05544g	5.76082972976764	9.97405658044837	18.6835017880257	1.46817533194673e-08	6.35198170474474e-07	10.4241992357876
CAGL0K05137g	2.48523317621595	7.34377097372072	18.5996512655853	1.52796556683926e-08	6.55647519869142e-07	10.3827507976352
CAGL0K03421g	5.52091692724871	8.71460150480982	18.5461184022219	1.56754572546744e-08	6.64061427248787e-07	10.356184071129
CAGL0I05148g	2.90848122360747	9.29010394668565	18.5169596696161	1.58958130387789e-08	6.64061427248787e-07	10.3416789701804
CAGL0E05962g	3.03167031052073	5.37023550160629	18.5055276519136	1.59831403693118e-08	6.64061427248787e-07	10.3359854162612
CAGL0G09713g	-3.41575684909353	8.39060917145363	-18.4684427210963	1.62701038374702e-08	6.69401299837128e-07	10.3174898998865
CAGL0G01540g	4.73357162185693	9.47703477553697	18.4560324319764	1.63674052300196e-08	6.69401299837128e-07	10.3112916095297
CAGL0I04752g	-2.36712389429086	7.12460064549499	-18.4248930333044	1.66143992004853e-08	6.742355024383e-07	10.2957195040726
CAGL0F00869g	4.45132838722709	7.4016774725954	18.4020181166165	1.67984700767965e-08	6.75250816387021e-07	10.2842623784883
CAGL0K06237g	2.17470049855274	8.41462915669534	18.3527036713535	1.72030270961814e-08	6.82256415519014e-07	10.2595110130157
CAGL0L05434g	5.78412814396739	8.49897929308807	18.3117377570081	1.7547307679049e-08	6.90677862404674e-07	10.2388959000753
CAGL0I06138g	3.02937711864702	6.09025569517317	18.270152422873	1.79046154079944e-08	6.9454168277187e-07	10.2179187895469
CAGL0B02453g	2.17158776325591	7.38218921411821	18.2562757811432	1.80256326272373e-08	6.9454168277187e-07	10.2109076123119
CAGL0F06325g	3.53967792355318	6.96460900698007	18.2255618061504	1.82967211669481e-08	6.99148432912214e-07	10.1953691868526
CAGL0D01584g	2.85794886961183	5.79423055607361	18.0498842076326	1.99367440606922e-08	7.4549182255517e-07	10.1059545137702
CAGL0G09977g	3.53279364458153	9.87648441748947	17.9282580780425	2.11673973421754e-08	7.8589592259779e-07	10.0435080776253
CAGL0F02145g	2.17668654360408	9.21212202480402	17.8618967147585	2.18741673146577e-08	7.97786381731431e-07	10.0092468660667
CAGL0A01870g	3.74848817102838	7.20840967787241	17.8617214106668	2.18760686265511e-08	7.97786381731431e-07	10.0091561815139
CAGL0G08173g	-2.98798502718032	9.66949351179678	-17.8553918649653	2.19448402997757e-08	7.97786381731431e-07	10.0058812864644
CAGL0C04191g	3.73234627272015	8.86454341060402	17.8172632097094	2.23642136568393e-08	8.04817708490682e-07	9.9861276069427
CAGL0E01815g	5.65361456010026	5.17537775944101	17.8099440017939	2.24457278776771e-08	8.04817708490682e-07	9.98233056663668
CAGL0D01254g	5.19660972501416	0.943316377964726	17.760255296636	2.30078877975068e-08	8.17659235014421e-07	9.95650955295148
CAGL0H03971g	4.28040814072908	7.90292854646648	17.6653086052104	2.41259531696182e-08	8.47646743912425e-07	9.90695738526051
CAGL0B02882g	5.71748400685428	5.18814584493828	17.591714072821	2.50339995628761e-08	8.66464441053152e-07	9.86835539142614
CAGL0K04499g	2.67407775854725	9.88637625888113	17.5818869959136	2.51580888328709e-08	8.66464441053152e-07	9.86318800965785
CAGL0M10439g	2.67727675500067	9.11446972974077	17.5126436068182	2.6051995752084e-08	8.91386913478167e-07	9.8266913777608
CAGL0L03938g	2.93099698490686	7.63071051618984	17.4238487156139	2.72501707802921e-08	9.08865520892222e-07	9.7796671301875
CAGL0G03927g	-4.24677149528328	2.81745041721227	-17.4233344870284	2.72572849627658e-08	9.08865520892222e-07	9.77939407167978
CAGL0J04268g	2.69419711023777	9.24700237523093	17.3951207063305	2.76507826953394e-08	9.16150932975329e-07	9.7643994146677
CAGL0H08063g	2.73038707928392	6.67297711904995	17.3714698921461	2.79854892389151e-08	9.21409032488807e-07	9.7518101581472
CAGL0A01284g	3.35651384545953	4.96894022222168	17.3183061526644	2.87543580411337e-08	9.40806652158344e-07	9.72344557874239
CAGL0G06006g	4.25759539146935	6.88950825714659	17.2672886718837	2.95142301521657e-08	9.5368381252618e-07	9.69614024336981
CAGL0L04598g	4.04561250395228	9.41133873085626	17.2006402325173	3.05406098924685e-08	9.74581426943027e-07	9.66034157297975
CAGL0L13156g	-4.26175746434349	2.75325865863286	-17.1894066805	3.071746617872e-08	9.74581426943027e-07	9.65429345425167
CAGL0C01771g	3.1677739381512	7.4295093205219	17.1401580057636	3.15063120752104e-08	9.88495887293999e-07	9.62772926796233
CAGL0K12254g	2.75090090945155	7.96301241292769	17.1268989175697	3.17225041194636e-08	9.88495887293999e-07	9.62056384785586
CAGL0E03366g	7.62767641094698	5.79348547347499	17.0879678758138	3.236683033279e-08	1.00260566149205e-06	9.59949140537313
CAGL0L03355g	2.03852504319977	6.21442400302467	17.0461098800546	3.30758059708567e-08	1.0076114508456e-06	9.57677874768782
CAGL0E03938g	-5.95144210193982	6.48184308311939	-17.0361887017708	3.32463564381257e-08	1.0076114508456e-06	9.57138687382944
CAGL0I01980g	2.31218553373138	8.0736786128484	17.0331762583637	3.32983344787564e-08	1.0076114508456e-06	9.56974905030559
CAGL0L02717g	2.49181879141439	7.6625346857445	16.9579104323593	3.46266588908947e-08	1.03328833880221e-06	9.52872985541929
CAGL0H04675g	-2.18521467852203	7.31343786237459	-16.8205985726996	3.72037899011961e-08	1.09122345397085e-06	9.45340594235306
CAGL0C00275g	4.01378644738189	9.60666813256397	16.7990383309354	3.76274017698768e-08	1.09122345397085e-06	9.44152085076138
CAGL0M06963g	4.72056879944983	4.13156674562676	16.7956916933061	3.76936333204041e-08	1.09122345397085e-06	9.4396745964972
CAGL0H03663g	2.85689500922464	6.46301556956643	16.7939060485681	3.77290248650857e-08	1.09122345397085e-06	9.43868934587597
CAGL0J02530g	6.40247560584352	5.14938600639845	16.7631543196995	3.83443326840736e-08	1.10292627253366e-06	9.42170464529176
CAGL0M11902g	7.43413421100789	4.67456069188482	16.7399606049959	3.8815761787311e-08	1.11038531670259e-06	9.4088729770657
CAGL0H09460g	3.83584170088045	6.03180416905821	16.7092741169081	3.94493746093749e-08	1.12182419444919e-06	9.39186766966686
CAGL0I05962g	2.28532893857441	8.41004450022378	16.6765144970274	4.01384550896477e-08	1.1297032924425e-06	9.37367777122549
CAGL0G09064g	2.58585012997716	5.34648246628136	16.6637135644369	4.04113268077918e-08	1.13130104726626e-06	9.36655995191308
CAGL0G02189g	3.19187719462764	6.46909229704007	16.6498680309531	4.0708779381759e-08	1.13356627693356e-06	9.35885492000391
CAGL0E01837g	4.14989556991309	9.2320861291332	16.494284568063	4.42232283071279e-08	1.21208691197809e-06	9.27181451090498
CAGL0F08327g	2.23707194338884	6.04506126139589	16.4767258430431	4.46405047244291e-08	1.21287965711802e-06	9.26193816642381
CAGL0G09603g	2.47915855746794	6.35551308899763	16.4735883031898	4.47155250857264e-08	1.21287965711802e-06	9.26017223522564
CAGL0M12408g	-4.37372814068188	7.11711262052432	-16.4537175438395	4.51938987606814e-08	1.21448616560082e-06	9.24898012648051
CAGL0B04917g	3.20174055885407	6.91104808934977	16.4441610562431	4.54259788580608e-08	1.21448616560082e-06	9.24359251688324
CAGL0H08173g	4.05286505454444	8.32594661092747	16.4252479402596	4.58891837786848e-08	1.21448616560082e-06	9.23292044995356
CAGL0H04543g	2.85136355390194	6.25898564724601	16.4217623686668	4.59751187772842e-08	1.21448616560082e-06	9.23095227120874
CAGL0H06369g	-2.24140667501422	7.34694475943777	-16.4195335443261	4.60301626584062e-08	1.21448616560082e-06	9.22969350743332
CAGL0K10340g	2.21052613954713	8.06295847821329	16.4022939630522	4.64583900105116e-08	1.21448616560082e-06	9.21995122998314
CAGL0M12705g	2.21022142187097	8.76964187963763	16.3861781115733	4.68626944510726e-08	1.21448616560082e-06	9.21083444068328
CAGL0I06292g	2.14068664847995	6.47006237356634	16.3737844367228	4.71762683002001e-08	1.21658997316033e-06	9.20381701530092
CAGL0L04510g	-2.95947246548161	7.28389095884686	-16.36006374486	4.75261282649657e-08	1.21960432091714e-06	9.1960418380299
CAGL0L10186g	3.31361126856389	7.58376517170076	16.334818775364	4.8177369196591e-08	1.22431324147647e-06	9.1817185864221
CAGL0I03322g	-2.48493838781216	8.75902703693226	-16.3163941420845	4.86589007930462e-08	1.22560494323958e-06	9.17125060799289
CAGL0H07469g	7.96347203507769	4.07078379597381	16.2475216035406	5.05066436321014e-08	1.26167245710453e-06	9.13201267148521
CAGL0L12012g	4.52661538878703	6.22131180017792	16.2350496547035	5.08494806787984e-08	1.26167245710453e-06	9.12488890129189
CAGL0L12892g	-3.46554052260682	4.39680726469593	-16.2349398769445	5.0852509732389e-08	1.26167245710453e-06	9.12482617310685
CAGL0K01221g	2.01529614934816	7.05745943514807	16.2122993107266	5.14815102801332e-08	1.27125333168159e-06	9.11187979510185
CAGL0E00649g	3.27582153028955	7.33535683046041	16.1721788394754	5.26173944988556e-08	1.28500706250651e-06	9.0888923738273
CAGL0B01122g	-5.9236970565469	6.15910184397196	-16.1666919048207	5.27748841335052e-08	1.28500706250651e-06	9.08574403288458
CAGL0G09262g	3.03052536455232	5.95787228496017	16.1507024246137	5.32368075895062e-08	1.29025318394012e-06	9.07656319646195
CAGL0F01265g	2.16709683392056	7.94226592068995	16.1422265433489	5.34834822418928e-08	1.29025820062815e-06	9.07169273621681
CAGL0G00154g	-2.10164764964786	7.41491129932412	-16.1236965194187	5.40271810741714e-08	1.29739583909765e-06	9.06103576877226
CAGL0M04763g	4.16644188042648	7.28694328787942	16.0701411302409	5.56332669152817e-08	1.31940049421209e-06	9.03016435771447
CAGL0K04587g	-3.44154454554216	5.55447417602714	-16.0693252392577	5.56581399569862e-08	1.31940049421209e-06	9.0296932319514
CAGL0G07601g	2.34275844027074	8.90984775434154	16.0366079302149	5.66657645216191e-08	1.33623998770575e-06	9.01078083713189
CAGL0E05566g	3.22520238191407	7.62458722283186	16.0210698255602	5.71513619132699e-08	1.34164744222407e-06	9.00178512941631
CAGL0F07513g	5.03529333976257	6.24301296531612	15.9923654758797	5.80605885601909e-08	1.35690705853839e-06	8.98514339615909
CAGL0J06908g	2.48100611098056	7.03089179141744	15.8995132270231	6.11131465434878e-08	1.40937146323858e-06	8.93110121749421
CAGL0I02530g	2.37912232046356	8.52266016299645	15.8325719448413	6.34240018380602e-08	1.44988929966046e-06	8.89193960410987
CAGL0L04532g	-2.68853295030426	6.87938077225307	-15.8183084977314	6.39287817581743e-08	1.45507466306105e-06	8.88357346536926
CAGL0F05115g	-3.13202526921466	6.86030199581785	-15.7963370231427	6.47150669395864e-08	1.46659469882569e-06	8.87067117762936
CAGL0I08305g	3.52139398289626	7.96968404291845	15.7610598413436	6.59999979869903e-08	1.48926719595644e-06	8.84991711034824
CAGL0F00253g	-2.48918395283664	6.50131641805346	-15.7182370822163	6.75978440652042e-08	1.5187755951989e-06	8.82466024606777
CAGL0J00649g	-2.52025826648094	6.779530226702	-15.6586128040941	6.98943471539286e-08	1.55209480849577e-06	8.78937705352813
CAGL0C01793g	3.16061285065071	7.94488813620191	15.6083527141089	7.18973244983978e-08	1.58143904936602e-06	8.75952901556742
CAGL0J09416g	2.58688557434541	6.84624826192829	15.5693857580612	7.34939696082627e-08	1.60159392848301e-06	8.73632043374249
CAGL0M01870g	3.21850670456598	2.65981853590072	15.5636700359983	7.3731449238664e-08	1.60159392848301e-06	8.73291121538555
CAGL0H06545g	3.44202534023582	5.52968969245778	15.535221112821	7.4926158112857e-08	1.61334608721047e-06	8.71592357161258
CAGL0B01203g	-4.02076107745471	7.81277752646102	-15.5170732093406	7.56994585034936e-08	1.61334608721047e-06	8.70507047307543
CAGL0L03982g	3.86755085336898	6.9706314815131	15.5054021696834	7.62014365567671e-08	1.61334608721047e-06	8.69808397493414
CAGL0J09284g	2.799261183301	5.05120264745958	15.5004325470112	7.6416299824824e-08	1.61334608721047e-06	8.69510745056822
CAGL0G04433g	2.7435474029644	8.19669121378209	15.4930218120194	7.67379514260568e-08	1.61334608721047e-06	8.69066704151473
CAGL0G03311g	-2.25353534662257	8.1398305754694	-15.4505837352832	7.8609005843691e-08	1.64607258236689e-06	8.66519724802541
CAGL0A02002g	5.69024518986915	6.57201252077519	15.4341261354701	7.93481408313529e-08	1.65070025247311e-06	8.6553009374263
CAGL0K08162g	2.06870936346193	7.52329692606577	15.4316360471866	7.94606425259263e-08	1.65070025247311e-06	8.65380266379348
CAGL0L03135g	2.32931571521841	7.52456872508123	15.4126907169457	8.0322390201808e-08	1.65937255163618e-06	8.64239534016439
CAGL0H01177g	2.7016520924473	7.87447937658443	15.4085510842202	8.05120588568461e-08	1.65937255163618e-06	8.63990090544963
CAGL0I05610g	5.99514723644824	5.46998784510394	15.3694821356459	8.23267182142056e-08	1.67696641965512e-06	8.61632555682658
CAGL0H08558g	2.39589313445937	6.36279941231727	15.3308177624775	8.41672346210132e-08	1.70781191178684e-06	8.59293466072159
CAGL0D00352g	2.66414020646172	5.27104147904616	15.3056525329474	8.53895952451499e-08	1.72592483053421e-06	8.57767836218137
CAGL0H05137g	-4.22342102777551	7.24702027875295	-15.2794203019936	8.66847258922423e-08	1.74536361556111e-06	8.5617482342556
CAGL0B02860g	4.14238196534689	8.54939917557337	15.2381134392695	8.87683927513504e-08	1.77367380173023e-06	8.53660769962666
CAGL0H00847g	-2.38682626260681	5.13314927166623	-15.1409581807507	9.38911151897577e-08	1.86625375026869e-06	8.4772046013997
CAGL0H06699g	2.31559518973765	8.213418764474	15.1294306383029	9.45203263245724e-08	1.86625375026869e-06	8.47013093990689
CAGL0K00891g	2.18310988562438	7.57057701616939	15.123828485304	9.48277932323728e-08	1.86625375026869e-06	8.466691326173
CAGL0J07304g	2.11776708650588	6.11583680853278	15.1012200706566	9.607991701666e-08	1.87678494620229e-06	8.45279717013351
CAGL0M00638g	-2.41143652099716	6.36797646947444	-15.0793829611859	9.73067072816728e-08	1.88431313547196e-06	8.43935716523389
CAGL0M13189g	4.24943773221983	7.65956592738399	15.0760302968851	9.74965867849719e-08	1.88431313547196e-06	8.43729198216137
CAGL0D05280g	2.16911644652277	6.5960655729278	15.0687575888671	9.79098899164578e-08	1.88440541806124e-06	8.43281053414165
CAGL0H02607g	-2.44863304640826	6.01251446587005	-15.0433630748692	9.93683125722275e-08	1.89488573736766e-06	8.41714536684899
CAGL0B03817g	2.93056551815972	8.03724452765277	15.0403952238603	9.95403204920929e-08	1.89488573736766e-06	8.41531285007393
CAGL0F04895g	3.7391132422867	10.61658839135	14.9935817722248	1.02297519566739e-07	1.93331232827394e-06	8.38635951839932
CAGL0K03135g	-4.37583236158985	7.31796735662827	-14.9849130815524	1.02817297324542e-07	1.93614586868338e-06	8.38098813131611
CAGL0D02134g	4.07382196864269	5.0680746190858	14.9749247445716	1.0341982661197e-07	1.93956138110317e-06	8.37479518687968
CAGL0C04323g	4.22116703194444	4.86750739319461	14.963559475313	1.04110171554917e-07	1.93956138110317e-06	8.36774348244162
CAGL0I06094g	2.25823043689439	7.54143942665286	14.8428234673689	1.11767102651669e-07	2.05298520133855e-06	8.29249864872709
CAGL0L05016g	2.57643355381303	6.64380443729688	14.8344642679043	1.12319843669765e-07	2.05592441122804e-06	8.2872664041937
CAGL0B01925g	3.02270779352768	6.78927258568359	14.8222039750058	1.13136016138425e-07	2.0636482386225e-06	8.279587029036
CAGL0K01551g	-2.8796690622358	4.68538759969508	-14.7778714801766	1.16142452096328e-07	2.09864740812861e-06	8.25176580565855
CAGL0H07887g	2.04431232453009	8.24702318930499	14.776201026005	1.16257449542941e-07	2.09864740812861e-06	8.25071586964335
CAGL0A04521g	-3.7808841623716	8.80474781909164	-14.6907653667186	1.22310374256648e-07	2.18355044571604e-06	8.19685819281918
CAGL0L06160g	2.1316482550134	9.30373092101479	14.6496781609063	1.25344760337514e-07	2.21682371745569e-06	8.1708460020587
CAGL0J08679g	-2.40684474410356	6.07105533922517	-14.5870929653226	1.3012806889655e-07	2.293671517419e-06	8.13108359317036
CAGL0F02937g	-4.61316634519036	7.7153841737146	-14.5686546889788	1.31575519288391e-07	2.30367171730678e-06	8.11933679262426
CAGL0K04323g	2.04917355160598	5.92940030254748	14.5092817158912	1.36358774508784e-07	2.35398321589896e-06	8.08141036863566
CAGL0M08734g	2.11170129140828	6.54612982583873	14.4995880154876	1.37157834791326e-07	2.35416808240194e-06	8.075203568723
CAGL0L00539g	-2.45107387173262	6.17273834080164	-14.4539470216391	1.40990300967921e-07	2.38091685666795e-06	8.04592455793947
CAGL0J09262g	2.97560373855148	7.08567637242834	14.4231229478156	1.43645536731684e-07	2.40317652189638e-06	8.02609878771659
CAGL0C00495g	-2.31909138134013	4.76368692941199	-14.4194665423727	1.4396415680871e-07	2.40317652189638e-06	8.02374423462415
CAGL0G02739g	11.1206642985742	5.57266055123311	14.4058597737491	1.45156737423979e-07	2.4123667314747e-06	8.01497691599847
CAGL0J01331g	3.59056939446989	9.42239914532391	14.3602695648985	1.49232858415588e-07	2.45438069022078e-06	7.98554165588703
CAGL0E01221g	-2.67159903929288	5.91761913055437	-14.3552565187448	1.49688732940143e-07	2.45438069022078e-06	7.98229934567045
CAGL0E01353g	-4.08231707041916	7.17027806165688	-14.3503600195479	1.50135495916545e-07	2.45438069022078e-06	7.97913133327056
CAGL0F00605g	2.95568539464793	10.8932012796401	14.3003088234686	1.54787766603059e-07	2.51650297567395e-06	7.94668698184535
CAGL0G03003g	-2.91201990624327	5.35247314990515	-14.2951212374008	1.55278999013821e-07	2.51667355986797e-06	7.9433178489757
CAGL0L06644g	2.39868393416033	7.16077959127576	14.27668775111	1.57038531529609e-07	2.53733553258488e-06	7.93133624417883
CAGL0B03795g	-2.35546804672507	6.75068334213568	-14.2620572036668	1.58450757727219e-07	2.55227605139074e-06	7.92181563309603
CAGL0D04400g	6.73108276316976	0.981571463878861	14.2126324331878	1.63326367683895e-07	2.62274090437175e-06	7.88958174133293
CAGL0J09064g	-2.30407285792577	7.58901426554997	-14.1959615710044	1.65008125099881e-07	2.64164383760819e-06	7.87868437400721
CAGL0B01947g	-2.07957890337158	7.03153445350112	-14.1555368762	1.69166230679804e-07	2.69240771469108e-06	7.8522071806816
CAGL0L07766g	2.13959705195983	4.1325204206192	14.1455282990967	1.70213521191367e-07	2.69240771469108e-06	7.84564029812246
CAGL0C03223g	2.51574807607917	8.80663688302401	14.1384288302414	1.70960750035519e-07	2.69240771469108e-06	7.84097938034995
CAGL0E01727g	-5.23009496633105	5.43172178196581	-14.1267261982041	1.72200396911476e-07	2.69240771469108e-06	7.83329137697896
CAGL0M02915g	9.51157255313888	4.76181161931935	14.1258508395708	1.72293521379467e-07	2.69240771469108e-06	7.83271606110853
CAGL0A01694g	2.05474547485467	6.51632021065438	14.095477064921	1.75559556391091e-07	2.72387126836073e-06	7.81273160284694
CAGL0B04257g	-2.98748411766652	9.17771546801403	-14.0772442761298	1.77552934738035e-07	2.72387126836073e-06	7.80071495614079
CAGL0H10142g	-2.48391812096736	8.10933177109713	-14.0715236145383	1.78183517853369e-07	2.72387126836073e-06	7.79694149607315
CAGL0H05643g	-3.15016710801551	7.67861609839978	-14.0642413316116	1.78989821645863e-07	2.72387126836073e-06	7.79213577694204
CAGL0H09064g	-5.18660286491118	7.3602614003488	-14.0301922982083	1.82813681236029e-07	2.75008511859371e-06	7.76963365596119
CAGL0G05423g	3.76677243642471	3.60717325439618	14.0136371523126	1.84705458011142e-07	2.76266592196665e-06	7.75867339492901
CAGL0K09878g	2.12047082085808	7.67466976919446	13.99181202175	1.87232593998286e-07	2.78640958811723e-06	7.74420471492784
CAGL0I08591g	2.84835347443728	4.94680365256177	13.9907423056982	1.87357435533384e-07	2.78640958811723e-06	7.74349499136705
CAGL0L04686g	4.6715675695012	4.59616939765915	13.9455645390665	1.92714876388459e-07	2.82594503611648e-06	7.7134722190837
CAGL0F01683g	-4.57764389662526	6.65848976683815	-13.9302433947999	1.94570025003087e-07	2.8310163707976e-06	7.70326892403329
CAGL0F04697g	2.14785823125512	8.73019631742066	13.901083530428	1.9815561217779e-07	2.86559289986389e-06	7.68381914389827
CAGL0L05720g	3.46185898303016	7.27926107685741	13.8827293338287	2.00449927329714e-07	2.89078614206902e-06	7.6715562903645
CAGL0M05665g	2.45305347150535	8.26478192393256	13.8501254558344	2.04598246315491e-07	2.93176603516842e-06	7.64973370372484
CAGL0E02013g	-5.37140434907387	6.75671022537251	-13.8392733341073	2.05999983233443e-07	2.93844662732173e-06	7.6424589546558
CAGL0F04807g	4.29814387862478	8.52013820506017	13.8307681386322	2.0710599556678e-07	2.94619534454374e-06	7.63675357180434
CAGL0G02079g	-3.02898520792931	8.93827934635575	-13.8160045736114	2.09041463203483e-07	2.96566953894372e-06	7.62684184949896
CAGL0I00726g	5.10418046202138	2.18810536191559	13.8090479561564	2.09960381917568e-07	2.97065567388776e-06	7.6221678382496
CAGL0J04026g	2.39875801730632	7.14110818819353	13.7853160728071	2.1312894856164e-07	3.00254985396073e-06	7.60620552567054
CAGL0G02057g	4.87107239660713	6.7461085333213	13.78216841028	2.13553164813657e-07	3.00254985396073e-06	7.60408635806895
CAGL0H00957g	-2.25632510516876	7.0625346102486	-13.7366181023711	2.19797702124731e-07	3.06021534740151e-06	7.57336652526926
CAGL0K11748g	-4.11949163368136	7.87651123406045	-13.7304408157624	2.20659984559354e-07	3.06407166888121e-06	7.56919281117027
CAGL0K00341g	2.6309693557032	5.76181219881718	13.7088258819382	2.23706755706268e-07	3.08998645414858e-06	7.55457413815632
CAGL0G01826g	-3.47049480494838	8.88793309681257	-13.7046578383409	2.24299601071424e-07	3.09002213581291e-06	7.55175260924463
CAGL0K00671g	-4.76696172961263	3.19305060884237	-13.6827603326258	2.27442876426983e-07	3.11692004736977e-06	7.53691548004211
CAGL0F08547g	-2.50875167859397	9.15985561069302	-13.6055550746869	2.38919911530336e-07	3.22505074768321e-06	7.48441814639768
CAGL0G09130g	-4.71718320974516	7.43393327015011	-13.5830151440989	2.42390247473893e-07	3.24854558882135e-06	7.46903694828847
CAGL0L06864g	3.54796069188137	7.35369175862655	13.5757018207749	2.43528176670363e-07	3.24854558882135e-06	7.4640410178565
CAGL0M13651g	2.84639224741141	9.70570662242581	13.550116211763	2.47555916328332e-07	3.25616889944426e-06	7.4465421761838
CAGL0E05654g	2.36892083573382	8.42712714591544	13.5332597290709	2.50249707130321e-07	3.28335142061963e-06	7.43499591487748
CAGL0D01474g	2.60320461434608	5.2043423757218	13.4795297632524	2.59054690697504e-07	3.38192345586393e-06	7.39809881824116
CAGL0M03861g	-4.21023665041172	8.00674383770537	-13.4639272234724	2.61675295137888e-07	3.4076372389225e-06	7.38735759711148
CAGL0H02519g	2.63169007175006	7.02305865203689	13.4500470126195	2.64031256239839e-07	3.42978567348774e-06	7.37779192287811
CAGL0J11550g	8.75430043418782	7.509591639736	13.4415096963255	2.65491977487722e-07	3.44022401521837e-06	7.37190359800008
CAGL0I09009g	2.12377033910079	7.13595146525001	13.3872504238228	2.74987036152999e-07	3.52832630946312e-06	7.33439517545726
CAGL0K02123g	-3.26039160272242	8.98062258293204	-13.3581410563268	2.80235223962336e-07	3.57812535961666e-06	7.31421169662166
CAGL0H02695g	2.48550602108005	7.59745269803121	13.3382953024733	2.83876681046016e-07	3.61580152135253e-06	7.300426892594
CAGL0L06886g	-4.02077809193802	7.77627526242595	-13.3000744748944	2.91037979971645e-07	3.68015416703276e-06	7.27382285253676
CAGL0F07975g	2.27662934395201	6.86334684653379	13.2907564711107	2.92813975747304e-07	3.69368954948708e-06	7.26732574972197
CAGL0H10120g	3.80659889994492	6.67492768502454	13.2727052605176	2.96288677275955e-07	3.72357089909829e-06	7.25472677545483
CAGL0G07227g	-4.21188450724432	8.06121227188154	-13.2128782391433	3.08134637353852e-07	3.80444534563069e-06	7.21285151176831
CAGL0K04785g	2.31471937270236	4.44811830690602	13.1892044251362	3.129658553347e-07	3.82526495898857e-06	7.19623077435404
CAGL0J07238g	-3.86042804010429	8.36986991728571	-13.184949091415	3.13843102637404e-07	3.82526495898857e-06	7.19324017296195
CAGL0L11462g	-3.8114803934845	8.30975398155212	-13.1724993448502	3.16425288548693e-07	3.84335588295222e-06	7.18448528639972
CAGL0J04202g	7.93284600861198	11.3500747625318	13.104691314144	3.30907864513706e-07	3.98230499018219e-06	7.13666116107434
CAGL0M05995g	2.54395730159657	8.35355995796786	13.0783368524697	3.36733079594873e-07	4.02859548520469e-06	7.11800944252659
CAGL0M09020g	4.82459298061502	3.75570789232933	13.0768593109424	3.37063003346639e-07	4.02859548520469e-06	7.11696267996799
CAGL0F05709g	-3.35842812906344	2.87066438187476	-13.0565525918633	3.4163370826854e-07	4.06466468814957e-06	7.10256488529883
CAGL0J07018g	2.03144143880221	6.03822446919737	13.0456480499977	3.4411636668566e-07	4.08491877460188e-06	7.09482450956886
CAGL0M12386g	-2.72384318904673	7.33433410807942	-12.9957465021562	3.55734742166261e-07	4.20377285607309e-06	7.05932345293436
CAGL0J02948g	2.24169075137739	7.30130788921963	12.9884893664094	3.57460198479426e-07	4.21098941765973e-06	7.0541496792504
CAGL0G03289g	4.18150934439985	9.23484699243285	12.9129925444433	3.75969229197301e-07	4.393301149214e-06	7.00016140869262
CAGL0K04719g	2.85475824016613	6.99441037566971	12.8287585851645	3.97879671689862e-07	4.58788564162209e-06	6.93956751670029
CAGL0E01991g	-4.01010600349941	7.84451360143526	-12.7838877427685	4.10124261214022e-07	4.70833444617413e-06	6.90713425660589
CAGL0G05247g	2.23578019425291	6.50525600489549	12.7698120676416	4.14050620246659e-07	4.74300874615155e-06	6.89693778538607
CAGL0G05335g	2.68483070570182	9.84399516785941	12.756011712496	4.17940526634865e-07	4.77711497147056e-06	6.88693034828483
CAGL0G07175g	2.02103380165398	5.48622133907891	12.739941327594	4.22521239282528e-07	4.80581999962153e-06	6.87526376870637
CAGL0C01325g	2.01973379295294	9.6501918780887	12.6874801613971	4.37865125631877e-07	4.94181765577975e-06	6.83708086080113
CAGL0G09020g	2.61726735286203	8.33816040683239	12.6855911155688	4.38428998572884e-07	4.94181765577975e-06	6.83570315185938
CAGL0B02563g	4.53604891059652	10.0087055968163	12.6838212807006	4.38958015269835e-07	4.94181765577975e-06	6.83441220812604
CAGL0E06028g	-2.15775226522839	6.19006172720777	-12.6535423117895	4.48118705258688e-07	5.01206608293174e-06	6.81229970249162
CAGL0I04125g	-2.12825245351691	6.06632204045842	-12.6533409467298	4.48180329298924e-07	5.01206608293174e-06	6.81215247875527
CAGL0J03080g	6.7340770053372	6.70029006809746	12.5895377313674	4.68185804395164e-07	5.18171815223824e-06	6.76539167782136
CAGL0A01221g	-3.896164576602	6.6938258763877	-12.5445130575333	4.82896460162912e-07	5.29698543343193e-06	6.73225794268195
CAGL0C03113g	2.56168342838407	9.55547804519351	12.5422182093758	4.83659796978121e-07	5.29698543343193e-06	6.73056614146023
CAGL0L10912g	2.46930578744274	6.0846622828511	12.4200766963636	5.26276716671416e-07	5.66884488019519e-06	6.64009576596395
CAGL0M06523g	-3.80372219838844	8.14634099987636	-12.3922000079811	5.36574292403196e-07	5.73258453210353e-06	6.61932960077999
CAGL0M05467g	2.7072557980843	6.23991267067502	12.3826369854589	5.40157942751809e-07	5.75911778066338e-06	6.61219566348032
CAGL0I10582g	2.64852785347879	5.95513300777919	12.34013516459	5.5640804249471e-07	5.85169312900108e-06	6.58042663499326
CAGL0A00979g	-4.1866020397007	6.33530698475958	-12.3339036296694	5.58835652423202e-07	5.85169312900108e-06	6.57576005164373
CAGL0H06633g	3.09283260835576	4.53176499282272	12.3008906392046	5.71893138951776e-07	5.96386570201703e-06	6.55100063423682
CAGL0M02211g	2.14113760323338	9.85912691120619	12.271168459699	5.83937629003576e-07	6.063819245918e-06	6.52865571139906
CAGL0I05016g	-2.35344682374168	7.15649918116106	-12.2686939343528	5.84952954954841e-07	6.063819245918e-06	6.52679308496988
CAGL0K10868g	4.16994730112018	9.94126794339738	12.2537984918079	5.91106058141115e-07	6.09141774482035e-06	6.51557350595628
CAGL0J11220g	-3.38351481452701	8.72360528775207	-12.2338764861906	5.99447551371722e-07	6.15315280672739e-06	6.50054774578089
CAGL0G02475g	-3.42061312841261	8.79916761568932	-12.2266123462485	6.02521366350301e-07	6.17260147327559e-06	6.49506319637516
CAGL0J09020g	3.35615628135031	6.13469117394256	12.2090580751651	6.1002152962308e-07	6.19829144775128e-06	6.48179677411452
CAGL0L08426g	4.01700796731669	7.00362184650573	12.206072758732	6.11307249284398e-07	6.19829144775128e-06	6.47953887596695
CAGL0K03459g	3.82312356085995	7.43605326985083	12.1909005622027	6.17888041039076e-07	6.2085295486364e-06	6.46805559828259
CAGL0K10164g	7.62801241514994	9.84529301384556	12.1800638636342	6.22636229372849e-07	6.23206826633916e-06	6.45984548371302
CAGL0A02145g	4.32736861852714	4.97141739621046	12.1544725758232	6.34009957501287e-07	6.2726017309466e-06	6.4404297409857
CAGL0L11902g	3.50032395447754	5.06464484159711	12.1521611022993	6.35048503801662e-07	6.2726017309466e-06	6.43867417171382
CAGL0K00231g	2.49269448370188	7.21891291719871	12.1187002564032	6.50294774994911e-07	6.38704155177928e-06	6.41322546153921
CAGL0G02101g	3.3089680403329	10.8349549278029	12.1125917314295	6.53121479678553e-07	6.39186657185351e-06	6.40857250555843
CAGL0C05489g	2.05004219539495	6.58991291674731	12.1123620965531	6.53228006865641e-07	6.39186657185351e-06	6.40839754633404
CAGL0M08118g	-3.61777731956164	8.25141701027082	-12.1092094789816	6.54692441205172e-07	6.39424427184529e-06	6.4059952472097
CAGL0G08624g	2.06043097762784	7.58933596153159	12.0991833843431	6.59373844682233e-07	6.41602616526299e-06	6.39835145368974
CAGL0G08294g	-2.04018610385206	4.93962025339186	-12.0713946342791	6.72543305523617e-07	6.51011708214841e-06	6.37713455849567
CAGL0I03872g	2.47011321654161	6.44332297591318	11.9819365623448	7.16950370963888e-07	6.83593982028474e-06	6.30852124671372
CAGL0D05104g	5.51064819971061	1.04544903980894	11.9795121439861	7.18198070899065e-07	6.83593982028474e-06	6.3066550955394
CAGL0I01386g	2.00344708525285	8.29595047493188	11.9664626228408	7.24955165807661e-07	6.86282150633473e-06	6.29660441196431
CAGL0H02057g	-2.20541217501147	6.53405766614418	-11.9497570554756	7.33708002256452e-07	6.92065115641897e-06	6.283722928484
CAGL0I10516g	2.28428454901041	9.88878617690337	11.942843143584	7.37364601821028e-07	6.93016820562492e-06	6.27838677271073
CAGL0A01366g	3.08652669697587	5.23747456839003	11.9376008046467	7.40150555592424e-07	6.94388558875688e-06	6.27433881706381
CAGL0A03740g	4.94311338232735	6.60361911949404	11.9334617917105	7.42358373581845e-07	6.95213968819491e-06	6.27114164175942
CAGL0I10054g	3.27385818486697	6.40828613895876	11.8874718508544	7.67385430525573e-07	7.11157038728865e-06	6.23554710770627
CAGL0J03234g	-4.22387893980035	7.84877721078598	-11.8868859185691	7.67710235763534e-07	7.11157038728865e-06	6.23509279104857
CAGL0J10164g	-4.14956604208171	8.06598708928724	-11.8851845654247	7.68654222803157e-07	7.11157038728865e-06	6.23377348795794
CAGL0D04576g	-2.47501438786358	5.03740786693422	-11.8589581411153	7.83369090339272e-07	7.21995983789804e-06	6.21341412263853
CAGL0F06693g	-2.09642647276564	6.58604463082393	-11.8359338556447	7.96543885791508e-07	7.31562674055885e-06	6.19550601592284
CAGL0G08426g	2.01869088411425	6.03652197573001	11.8324902718038	7.985352883483e-07	7.32107221454177e-06	6.19282484128992
CAGL0J04906g	2.52636857135922	6.38263155870191	11.7714398163368	8.34768392342574e-07	7.50861260122573e-06	6.14517028465601
CAGL0M08228g	2.60558727611777	6.55157243582444	11.7456537864176	8.50614148762266e-07	7.63801898588416e-06	6.1249734142769
CAGL0G08019g	2.17210172253763	6.27687067135014	11.7391742517192	8.54647874483073e-07	7.65139999221899e-06	6.11989186846237
CAGL0H06787g	3.51110790702063	6.76878257001017	11.7385661722781	8.55027506293812e-07	7.65139999221899e-06	6.11941485154772
CAGL0C02211g	-3.39708304246675	6.38653531697428	-11.7327893777266	8.58643329570473e-07	7.67064476160653e-06	6.11488201762189
CAGL0I00792g	-3.94224620031553	7.03967930988471	-11.7114388175842	8.72154288840554e-07	7.76484303074881e-06	6.0981110798912
CAGL0L09086g	2.10145617245623	5.7910295948528	11.6989889781039	8.80140917265316e-07	7.82264465515098e-06	6.08831862069499
CAGL0L13068g	-2.72405958181401	4.60276866869199	-11.6917724425031	8.84807285222171e-07	7.83750615590198e-06	6.08263801724318
CAGL0F07073g	-4.16235420467709	8.44918191767666	-11.6835203351339	8.90176763964759e-07	7.84524471271972e-06	6.07613827180683
CAGL0E05522g	-3.73503316255697	2.9528500681767	-11.675924003622	8.95151341423616e-07	7.87582734849182e-06	6.07015129208212
CAGL0G03575g	-3.74081059586799	8.28071624425197	-11.6497081663627	9.12556251984173e-07	8.01548989788112e-06	6.04946182567937
CAGL0B03619g	2.97890716592079	8.68409642229898	11.6245533099552	9.2960842918193e-07	8.12437416822605e-06	6.02956920572396
CAGL0M02387g	2.77140516935638	6.71629879222176	11.5870565452447	9.55683394237422e-07	8.27469418633717e-06	5.99984264693284
CAGL0F04191g	2.46688635088911	5.83896108128351	11.586194510573	9.56292260312127e-07	8.27469418633717e-06	5.99915820313355
CAGL0G09801g	-2.63516569219021	5.36312631195245	-11.5157247676494	1.00754413174311e-06	8.64078745505373e-06	5.94304687542537
CAGL0J02354g	-4.15726686411017	8.76951156020459	-11.5021671078544	1.01774805686099e-06	8.69153520010972e-06	5.93221538527595
CAGL0G02937g	4.30307060850077	3.33574539526716	11.4966649728928	1.02192161867737e-06	8.7129636380717e-06	5.92781626795835
CAGL0G01078g	-4.23137405480283	7.48621232296717	-11.4541050188695	1.05485017977101e-06	8.9210673523445e-06	5.89372282295737
CAGL0L07744g	2.59849809648593	7.7437808157668	11.4471354471289	1.06035324228127e-06	8.95314390861685e-06	5.88812863277867
CAGL0H04521g	-3.04201097062029	8.30856628683937	-11.4386211488436	1.06711902000296e-06	8.95998674627152e-06	5.88129030932596
CAGL0J10179g	-2.25346132126173	6.01095386614293	-11.4385436824293	1.06718079591776e-06	8.95998674627152e-06	5.88122807014246
CAGL0L06622g	2.06147236423278	7.92560789984408	11.4280140999299	1.07561448570776e-06	8.96810847201741e-06	5.87276463967063
CAGL0A03212g	-3.97029221810424	4.7067003880798	-11.4186896199237	1.08314436146558e-06	9.01472294478906e-06	5.86526386717136
CAGL0I01100g	2.44026579217383	8.55416797325055	11.402575521269	1.09629458165897e-06	9.10968592854716e-06	5.85228815663639
CAGL0C02365g	4.68591128175608	4.58279843115956	11.3785565308059	1.11622385531542e-06	9.2167695308773e-06	5.83291588181381
CAGL0G07106g	-3.74408279073277	4.51584034799571	-11.3719173913375	1.12180281261665e-06	9.22156575070948e-06	5.82755454192415
CAGL0M04675g	2.80570158904074	8.89137412439804	11.3714819072592	1.12216982923324e-06	9.22156575070948e-06	5.82720277295776
CAGL0G05632g	7.54364960188232	6.18406558016905	11.3356384625523	1.15283695098639e-06	9.3712755254872e-06	5.7982073156149
CAGL0I05874g	2.69475965548262	9.19218042664508	11.3290046064998	1.15861355223465e-06	9.40266769441903e-06	5.79283167774412
CAGL0I10384g	2.46227589056741	8.99406331616547	11.302352819306	1.18214523208565e-06	9.53548580888813e-06	5.77120578524601
CAGL0J06028g	-7.39734754267039	2.3285171773843	-11.295285447431	1.18847332349291e-06	9.57178130536211e-06	5.76546333453569
CAGL0M07205g	2.23405260494488	7.1674609204191	11.291298260715	1.19205991203155e-06	9.58591956910164e-06	5.76222217786583
CAGL0L10978g	-2.19324074736286	5.97428848771827	-11.285303217514	1.19747511681734e-06	9.61469668180795e-06	5.7573468804222
CAGL0L10582g	2.66582925508166	9.01374007414354	11.2736878512197	1.20804443427487e-06	9.68470538044252e-06	5.74789428240181
CAGL0K06281g	-2.39286969980308	6.67384164181449	-11.2362363150385	1.24283015349187e-06	9.9331539748549e-06	5.71735553630349
CAGL0A01540g	-4.09060214557421	6.87248199864651	-11.2310529566151	1.24773099208845e-06	9.95712156033999e-06	5.71312160908596
CAGL0F00363g	-3.45948802849852	9.20768202535162	-11.1920709140901	1.2852786493798e-06	1.02255831755369e-05	5.6812227027269
CAGL0J00825g	2.10257498532231	7.63132190882936	11.1788444059114	1.2983002595346e-06	1.02978816040358e-05	5.67037649412879
CAGL0D00616g	-3.93009880772292	7.6776995465053	-11.1719276265644	1.30516777708015e-06	1.0336691850249e-05	5.66469983702856
CAGL0L06754g	-2.26468203678305	6.89822233137035	-11.1447377465501	1.33255495130593e-06	1.05059114007327e-05	5.64235385535755
CAGL0M08030g	-2.2011496037479	4.99495760576749	-11.0725492466485	1.40839239657611e-06	1.0939071507531e-05	5.58278460562965
CAGL0L04840g	-3.73997115332681	8.22905666939866	-11.0339318371997	1.4509068161464e-06	1.12193459121513e-05	5.55077311949915
CAGL0H00462g	-4.13327005859876	8.5896004932624	-10.980432459479	1.51216153793965e-06	1.15874698535738e-05	5.50625738355459
CAGL0L08184g	-3.27571849069022	8.13532110264503	-10.9484610536433	1.55012547628545e-06	1.17607345918178e-05	5.47956094233834
CAGL0K06149g	-3.89243814820922	7.96301058357629	-10.9231461599995	1.58093109396333e-06	1.1915388151504e-05	5.45837277912837
CAGL0D06512g	3.3014123415798	5.88771742791783	10.8950177819254	1.61595444333725e-06	1.20757638510894e-05	5.43477776440368
CAGL0H02585g	3.05769935829337	9.58968153814812	10.8905185292923	1.621635527663e-06	1.20757638510894e-05	5.43099854976666
CAGL0D06688g	2.4826667572789	10.2154613524114	10.8835360138691	1.63049581514135e-06	1.20953399922871e-05	5.42513069504811
CAGL0K06567g	-3.28423861282325	7.52634113391899	-10.8788263025733	1.63650222205484e-06	1.21004083791767e-05	5.42117090788746
CAGL0K00825g	-2.03340335998088	5.29862438536989	-10.8652971265843	1.65389241929385e-06	1.21945448098638e-05	5.40978738107059
CAGL0J00561g	-2.10936939463091	9.05151724678954	-10.862838921148	1.6570739792222e-06	1.22008189609398e-05	5.40771766302809
CAGL0D04884g	-2.16858339735806	4.99305575268625	-10.8106986366665	1.72617195963844e-06	1.25556936108395e-05	5.36371793491848
CAGL0K12848g	-3.07337640904617	8.49825166644062	-10.7150373898441	1.86135706673248e-06	1.30794687843551e-05	5.2824942510388
CAGL0M00814g	-4.19208716533525	8.44893578593522	-10.7110105179755	1.86729821100254e-06	1.30842156616779e-05	5.27906089547843
CAGL0M12551g	6.70167596427631	6.65860432732868	10.7097356369028	1.86918349209966e-06	1.30842156616779e-05	5.27797367694819
CAGL0B02387g	2.8038328693345	6.1857155727594	10.7090563400072	1.87018888614249e-06	1.30842156616779e-05	5.27739432527468
CAGL0M07832g	-3.81878783994409	0.961099425240271	-10.6788602192904	1.91548858559901e-06	1.3263998340755e-05	5.25160769699169
CAGL0E00803g	4.91159181066108	7.97982546100308	10.6670617942319	1.93351585732782e-06	1.33535033154501e-05	5.24151445875572
CAGL0B03465g	2.86936124986167	6.67806313102267	10.5939183328255	2.04953497142398e-06	1.3970462988808e-05	5.17871879155311
CAGL0G06490g	-3.53890966631134	7.83520234031541	-10.5875698428645	2.05996114262338e-06	1.39960150550635e-05	5.17325021641028
CAGL0J02398g	-2.38372218255478	4.36816033990413	-10.5601587871744	2.10565450231126e-06	1.41194892981238e-05	5.14960481167505
CAGL0E04548g	2.19908227188624	6.30277606492701	10.5102058505795	2.19182466468475e-06	1.45611702025693e-05	5.10637346630374
CAGL0J01699g	2.47065560006295	8.11736083237087	10.4879149952006	2.2315248800155e-06	1.47314410427253e-05	5.08702308825627
CAGL0M11066g	-3.18872386899995	4.26079461647729	-10.4811785806199	2.24367791481978e-06	1.47764917037813e-05	5.08116811732732
CAGL0J08613g	2.57842458652353	7.01412137126165	10.466684643843	2.27007418148426e-06	1.48920279950753e-05	5.06855934875572
CAGL0M13101g	2.5745760325427	6.93365812622356	10.4580951689833	2.28587865088507e-06	1.49769395962245e-05	5.06107976258033
CAGL0H06831g	2.43954907896118	6.78424575265369	10.4449991149212	2.31020899987319e-06	1.50797308158805e-05	5.04966542667126
CAGL0E05918g	2.2603010061952	6.32623788177234	10.429405654299	2.33955199795173e-06	1.51808149127099e-05	5.03605783594056
CAGL0M09207g	2.03148351022817	5.67911060751858	10.427537814738	2.34309425968855e-06	1.51808149127099e-05	5.03442666252455
CAGL0M09977g	-2.35855424782214	5.10816079715191	-10.421052921513	2.35543847756425e-06	1.52419288381321e-05	5.02876143395682
CAGL0L03245g	-2.41490384642803	4.73162254070551	-10.3927681357933	2.41012384456531e-06	1.55573345577058e-05	5.0040151925546
CAGL0G03883g	3.92067447027376	9.56129064235573	10.384279464018	2.42680749726829e-06	1.56457355273393e-05	4.99657686708231
CAGL0K01639g	2.01717298065692	6.69846376834118	10.369896587792	2.45536684871783e-06	1.57715895129299e-05	4.98396137991881
CAGL0M03465g	4.14350867813419	2.22791692196246	10.352671819998	2.49005751695233e-06	1.58582130185467e-05	4.968832859775
CAGL0G05940g	-3.91286941731831	7.80112604547388	-10.2473828813262	2.7142126161298e-06	1.70124271259379e-05	4.87587207905721
CAGL0L00803g	2.9016462982163	6.89825163699235	10.2462291937826	2.71678874446687e-06	1.70124271259379e-05	4.87484882663986
CAGL0M05775g	-2.22504044926974	5.17219499085358	-10.2435456375324	2.72279142075202e-06	1.70262389655327e-05	4.87246827958433
CAGL0B01595g	2.63352861100869	6.03854444499227	10.2283929379713	2.75696087288605e-06	1.71817740113791e-05	4.85901622773527
CAGL0E00891g	2.28695416008906	7.15948280735374	10.2241250592669	2.76667003016616e-06	1.72217807466348e-05	4.85522418989803
CAGL0K01353g	2.05850523929988	7.69151664892669	10.2013730299539	2.81906919977263e-06	1.74500317452574e-05	4.83498537889633
CAGL0D03894g	3.80822380701535	7.28921758030942	10.199805258401	2.82271991610955e-06	1.74500317452574e-05	4.83358932680522
CAGL0H08976g	-3.123938364383	9.10862181350644	-10.1987279420972	2.82523157587937e-06	1.74500317452574e-05	4.83262990080449
CAGL0E03289g	-2.23233038915917	6.09007676603088	-10.1837020478719	2.86052083003148e-06	1.76174429943703e-05	4.8192390089022
CAGL0H02563g	4.30936045623778	7.50100640143153	10.1689806980313	2.89556624757937e-06	1.77705619063048e-05	4.8061027114735
CAGL0M13717g	2.40996757341224	8.02030328739032	10.1279705121037	2.99571327810102e-06	1.83626257298999e-05	4.76942006638711
CAGL0K03575g	2.57075588103385	6.23328118480098	10.1204568515408	3.01447198384601e-06	1.84354682656938e-05	4.76268518772656
CAGL0A02090g	-2.3298083223396	6.66669358599396	-10.1158363170076	3.0260718914031e-06	1.84848148792243e-05	4.75854139438459
CAGL0H06853g	-3.07123566032993	4.27890199339872	-10.083342510077	3.1090500518173e-06	1.88378206264624e-05	4.72935344726984
CAGL0J11748g	-2.24150863039251	7.64869740948438	-10.0653943874295	3.15595552328784e-06	1.90778604669883e-05	4.71319609894032
CAGL0L06578g	3.49809151543916	2.23401355085347	10.0563033276263	3.18001093316743e-06	1.91557338786078e-05	4.70500250582137
CAGL0L08114g	-4.88029582008212	6.65225077850455	-10.0545311886769	3.18472358099186e-06	1.91557338786078e-05	4.70340455950167
CAGL0M02497g	-3.91530234906547	7.64338709728305	-10.0531713475901	3.18834502066279e-06	1.91557338786078e-05	4.70217821762009
CAGL0J07062g	-2.05394495275488	7.66893220281166	-10.0432419938223	3.21492608903399e-06	1.92546099891417e-05	4.69321926854062
CAGL0M12474g	4.05089417686041	4.96707527148987	10.0404160788596	3.22253565876774e-06	1.92579613854442e-05	4.69066812137341
CAGL0H10252g	-2.74892561857767	3.85007454504467	-10.0291809482376	3.25298619365588e-06	1.93862609040312e-05	4.68051920573273
CAGL0I04328g	-3.07071014272841	3.91854283148818	-10.0270426261572	3.25881749676169e-06	1.93862609040312e-05	4.6785864952048
CAGL0H07975g	-2.99253917209957	5.25992493093217	-10.0088192052366	3.30898329816482e-06	1.96178115129024e-05	4.6621007779577
CAGL0L08118g	-2.91956734859524	8.23141408344248	-9.99306226993854	3.35304532719608e-06	1.98117294445502e-05	4.64782527921795
CAGL0G05027g	-3.41753404859168	8.08525104656302	-9.98436159596534	3.37765210681151e-06	1.99346209460634e-05	4.63993423303023
CAGL0G07535g	-2.13493785147581	5.17940897408788	-9.97353077932258	3.40856147196663e-06	2.00717877454953e-05	4.63010290398167
CAGL0L07370g	-2.07213600530227	6.31597620947083	-9.9557721204081	3.45991796331711e-06	2.02829457312039e-05	4.61396295277431
CAGL0M05115g	2.6253392378892	2.30756113006837	9.89691601596651	3.63631092265055e-06	2.11512085334174e-05	4.56029238749734
CAGL0B02970g	2.73541106910527	6.84175585189582	9.88625612135109	3.66930588244262e-06	2.13194409484874e-05	4.55054211185091
CAGL0L03377g	2.31252792476888	5.08917185077212	9.87598905834916	3.70139679382211e-06	2.14582638047162e-05	4.54114253910747
CAGL0E04884g	2.28738879552151	7.62244450653377	9.87446666273541	3.70618147041763e-06	2.14622345106596e-05	4.53974805472258
CAGL0H03377g	-2.14607123495226	5.25709071441245	-9.86116617186372	3.74827386607331e-06	2.16580725042978e-05	4.52755715047435
CAGL0H01606g	2.42886717264282	7.31339312827498	9.81962208307339	3.88317561186414e-06	2.21926029782847e-05	4.48938711497537
CAGL0J05830g	2.85268252739792	4.84503571321397	9.78667482317056	3.99396447015978e-06	2.27018501642633e-05	4.4590164679513
CAGL0H07183g	-2.0540113556563	4.35670782296435	-9.75101780578322	4.11780055579844e-06	2.32879718433367e-05	4.42604853913426
CAGL0F01045g	-4.12740849169084	6.95507258165531	-9.73836332094434	4.16276052964865e-06	2.34575364614755e-05	4.41432344838209
CAGL0K08734g	2.65163695582467	7.24498111031559	9.71643875900605	4.24194057080706e-06	2.37566467171326e-05	4.39397806693004
CAGL0K04257g	3.59968108959987	3.08153251307263	9.67689342787144	4.38898279135571e-06	2.43549575556443e-05	4.35718120891286
CAGL0J06374g	-3.25686555566539	6.82460761194013	-9.67619353564002	4.39163523150653e-06	2.43549575556443e-05	4.35652879947322
CAGL0D04026g	3.96076076854125	7.13375463822548	9.67492618871356	4.3964426929038e-06	2.43549575556443e-05	4.35534733019986
CAGL0M06149g	-2.39959862994403	4.46843838285126	-9.61897133368123	4.61458207757901e-06	2.5322156369105e-05	4.303051464021
CAGL0G04851g	-2.57434226072527	7.72828175076633	-9.60875322639845	4.65568924983852e-06	2.5467641821217e-05	4.29347344131451
CAGL0M06501g	-4.08841629487173	6.10196900339166	-9.5412140286733	4.93774662939229e-06	2.66624007717947e-05	4.22994541262592
CAGL0J04290g	3.20011127168009	2.41802752346237	9.5406195934393	4.94031112676999e-06	2.66624007717947e-05	4.22938458077813
CAGL0K07414g	-3.88195070783777	8.33878717098935	-9.52073873233528	5.02693052682006e-06	2.70062930199219e-05	4.2106104215354
CAGL0M06633g	2.68010563875886	7.30847891273154	9.50450725887089	5.0988894473717e-06	2.7293135232097e-05	4.19525774414104
CAGL0M08822g	2.80754233643663	8.64621183594527	9.47619528643671	5.22713268003098e-06	2.78940260753947e-05	4.16842519384555
CAGL0H02189g	-2.75201066630843	2.97920597481976	-9.46937351172017	5.2585607517434e-06	2.79761844871714e-05	4.1619497064277
CAGL0E01749g	2.11471018674191	2.71235910833776	9.45779471431123	5.31238149807537e-06	2.81957481996431e-05	4.15094960285022
CAGL0F00429g	-2.15344771167244	5.14977502133636	-9.45269383852255	5.33628351466196e-06	2.82176204032882e-05	4.14610003647276
CAGL0B02431g	2.31964552645808	8.709410217026	9.43251552183026	5.43200280368901e-06	2.86074036849977e-05	4.12689408487304
CAGL0A03168g	-3.18270951182428	7.94620694836442	-9.42701761761343	5.45840936557155e-06	2.86895311533806e-05	4.12165508103552
CAGL0K10428g	4.34104503919118	2.76537417576902	9.42054343900613	5.48968620264371e-06	2.87960994697794e-05	4.11548245693798
CAGL0I00550g	2.35804995763449	5.10128443342593	9.41086042607459	5.53683352120482e-06	2.89612162024905e-05	4.10624375264529
CAGL0K06061g	-3.99170786286409	6.49213421613254	-9.34851920120285	5.8512540580873e-06	3.03882093195308e-05	4.0465698507332
CAGL0D03608g	3.75304373000019	1.64506730279153	9.34129077448124	5.88896368492123e-06	3.05234899906561e-05	4.03962897387401
CAGL0B01078g	2.8065481674201	6.45253288743761	9.31658806827315	6.01986558279011e-06	3.10482722422721e-05	4.01587471928827
CAGL0A03278g	-3.93164834021231	8.57338890348194	-9.27541298652493	6.24522685866029e-06	3.20213149902905e-05	3.97616239968944
CAGL0J00473g	-2.12810628427419	5.95451546352546	-9.1896102647934	6.74525834142449e-06	3.38881261203044e-05	3.89292981480874
CAGL0F07095g	-2.29756139322675	5.68541700662715	-9.18699944842886	6.76114818302576e-06	3.39353890106806e-05	3.89038701058306
CAGL0F01705g	-2.76481470744419	6.96231458557655	-9.13638154214231	7.07749558506721e-06	3.52192864903297e-05	3.84096793152425
CAGL0L00649g	3.33235890643432	7.28547662711609	9.11787852489288	7.19716702560773e-06	3.57807876344316e-05	3.8228460820979
CAGL0L03916g	2.38077032096694	6.88507198712588	9.1042004104285	7.2870625760394e-06	3.61454561996652e-05	3.80943002478474
CAGL0J09614g	-2.12314115656379	6.08261556335838	-9.10252821848447	7.29813700153699e-06	3.61454561996652e-05	3.80778871850194
CAGL0J09306g	2.13888820697859	8.22709319038174	9.09450043582476	7.35156085892343e-06	3.62703393102748e-05	3.79990571267441
CAGL0H04037g	2.87393171094633	5.51269009672201	9.09440631884637	7.35218973951801e-06	3.62703393102748e-05	3.79981325869495
CAGL0K12012g	-2.50270095283849	7.23025011997186	-9.09353803250551	7.35799433572337e-06	3.62703393102748e-05	3.79896027696139
CAGL0F09031g	-3.38050494556106	9.2880605255814	-9.06097467416635	7.57936408011644e-06	3.71528929902815e-05	3.7669218639918
CAGL0D00858g	-3.72566125680282	7.14373125653405	-9.06093821639095	7.57961599114052e-06	3.71528929902815e-05	3.76688594033419
CAGL0G03531g	2.15133114361918	4.26643959010825	9.01141875007007	7.93043022061629e-06	3.84561922596327e-05	3.71798081699133
CAGL0A00627g	-2.45796037201803	4.50056555493711	-8.97743454125596	8.18150169580907e-06	3.95477021030106e-05	3.68428917884019
CAGL0K06809g	-2.92224925417022	2.80623259375394	-8.96195096756091	8.29877878089249e-06	4.00037816924237e-05	3.66890390604686
CAGL0D04708g	-3.56260561438491	6.7015555265209	-8.91033577849179	8.70327103897958e-06	4.16087889397791e-05	3.617457376809
CAGL0E03245g	-2.95673459612916	5.73796510083375	-8.89677588294736	8.81309578808433e-06	4.19804881261342e-05	3.60390104844265
CAGL0M06677g	-2.36754814023203	7.63554444149075	-8.85005985901621	9.20327990661499e-06	4.34434975433377e-05	3.55706679136251
CAGL0L03872g	-2.11675931695305	4.92164733588305	-8.84883064401139	9.21379969379436e-06	4.34434975433377e-05	3.55583172532001
CAGL0M02849g	-3.73288914748375	7.8894256852917	-8.84716068935574	9.22811256316935e-06	4.34434975433377e-05	3.55415359607677
CAGL0J09812g	2.38816409071532	9.97520433543863	8.83701661865884	9.31558213900745e-06	4.3737284751304e-05	3.54395428034341
CAGL0I10648g	-2.2504637737859	9.35897775173342	-8.78798575021233	9.75140435206147e-06	4.55384494050328e-05	3.49452067778721
CAGL0L02167g	3.61215511252717	5.77573973066567	8.76787243538263	9.9366247853572e-06	4.61689544894572e-05	3.47417685231517
CAGL0D00946g	2.21314205129938	6.27699249373256	8.76758133928202	9.93933365990797e-06	4.61689544894572e-05	3.47388214023112
CAGL0K11858g	2.00395339510698	11.9897694671904	8.76080597201053	1.00026134452204e-05	4.63395410493173e-05	3.46702035085818
CAGL0I00814g	-2.8410038727842	7.90538755655786	-8.75945877474606	1.00152485161465e-05	4.63570521503331e-05	3.46565545317152
CAGL0M09493g	2.84258252361978	4.46936348538297	8.75456480399236	1.00612957524194e-05	4.65290488197132e-05	3.46069573948365
CAGL0F01815g	2.10070472762577	6.43475184072965	8.7531731913841	1.0074431828844e-05	4.6548676631949e-05	3.45928501945453
CAGL0H09724g	-2.2866792516111	5.32263051129966	-8.73151983223613	1.0281273976083e-05	4.72956671922623e-05	3.43731074316823
CAGL0H02491g	2.27912697147697	8.11713709909403	8.72073886819931	1.03859942474543e-05	4.76100524390747e-05	3.42635342784592
CAGL0D00198g	3.21428539315883	5.18069346168695	8.67845381786451	1.08081837368568e-05	4.92007320543002e-05	3.38326997064907
CAGL0E01573g	-2.16815395548975	5.27472385140808	-8.66011493354723	1.09971162249724e-05	4.99305320361929e-05	3.36453175768175
CAGL0A03652g	-2.11661090918465	4.63588612085741	-8.64074672913173	1.12005996331008e-05	5.06785990313594e-05	3.34470681843255
CAGL0H03685g	-2.1244219675137	7.23470398819372	-8.62743761239116	1.13428217046248e-05	5.11012664575827e-05	3.3310629600655
CAGL0H07337g	2.38497951803845	3.22651241081214	8.61634773453386	1.14628441941714e-05	5.15158461288499e-05	3.31968113239672
CAGL0L03806g	-2.48915136628456	4.91851361758581	-8.61345267087172	1.14944057061154e-05	5.16065299069588e-05	3.31670790236544
CAGL0B01881g	-2.24997324480832	4.8058677386273	-8.58898848669621	1.17649529821595e-05	5.27047611693436e-05	3.29155086556643
CAGL0K09284g	-2.72154080274721	4.53640127980067	-8.5505983714775	1.22037098362379e-05	5.43714221214513e-05	3.25195659832171
CAGL0K10604g	2.29334734178946	5.97958184519004	8.5374297470087	1.23583262088948e-05	5.48734840573066e-05	3.23834190842238
CAGL0J00165g	-3.56078289454411	8.6752990930486	-8.5286163284704	1.24630078510425e-05	5.52445775615645e-05	3.22922050121835
CAGL0L08110g	-3.79244754328561	7.31934615625039	-8.52710754934452	1.24810258241633e-05	5.52564105870282e-05	3.22765823674404
CAGL0M10549g	2.28628579129509	9.73399994420057	8.52238852449188	1.25375656983421e-05	5.53874737812833e-05	3.22277048916444
CAGL0K01683g	2.07190056266682	9.14404391438989	8.51949571668985	1.25723641770392e-05	5.54943730748738e-05	3.21977317629591
CAGL0L05566g	-2.22876358327424	4.86226026493338	-8.4900087082005	1.29331852650464e-05	5.66692743910768e-05	3.18917416703969
CAGL0M06655g	-2.91550108293679	7.19278095704569	-8.48978496872888	1.29359661695008e-05	5.66692743910768e-05	3.18894166394395
CAGL0I02398g	-2.60064502480892	4.77706521315858	-8.47548306399888	1.31150969929189e-05	5.73580056457229e-05	3.17406935777669
CAGL0L01831g	-4.01479956698103	0.827797492773282	-8.474331688712	1.31296359209296e-05	5.737365947084e-05	3.17287118702696
CAGL0H08734g	-2.75018110022231	7.48197826468041	-8.46506646875989	1.32472780971811e-05	5.76950922119327e-05	3.16322464630386
CAGL0K08382g	-2.64908985615945	8.37552808545053	-8.45360377087302	1.33944260958566e-05	5.82390536642934e-05	3.15127847305257
CAGL0B04323g	2.10045281666886	8.16228611684044	8.41371596081603	1.39206247051238e-05	6.00469473234769e-05	3.10960697985165
CAGL0L03846g	-2.63040023925873	5.49307839898359	-8.40213246957042	1.40776545556442e-05	6.05558928502854e-05	3.09747592953931
CAGL0J10010g	-2.46480099049053	4.56197485732967	-8.39777794481052	1.41371879645435e-05	6.07122059018746e-05	3.09291211164352
CAGL0M06325g	2.16850917619341	4.90375085603329	8.32370389122704	1.51934110629735e-05	6.44166720695448e-05	3.01498758447351
CAGL0H04939g	6.03239251425904	1.86294072768822	8.31850285263856	1.52707622548588e-05	6.45991334163353e-05	3.0094955067971
CAGL0J00957g	-2.00228311389945	5.70476945778287	-8.29510231110493	1.56241676447433e-05	6.56968013013906e-05	2.9847517807136
CAGL0G05357g	2.40185529217756	7.59214206889398	8.29362353204107	1.56468003970398e-05	6.57391653920575e-05	2.98318626275035
CAGL0K01859g	-2.18839051976044	6.15108121610243	-8.28120072019455	1.58383585684413e-05	6.62936799032325e-05	2.97002604711546
CAGL0M03305g	4.90817028171812	3.29351547664438	8.27950854692245	1.58646501875e-05	6.62936799032325e-05	2.96823221945355
CAGL0K00759g	-2.01558876737472	5.71940119267578	-8.2685210585067	1.603653421918e-05	6.67869981204514e-05	2.95657761649021
CAGL0A01826g	5.88913161062574	3.13316380592881	8.24355333904262	1.64347660014039e-05	6.82283901802928e-05	2.93004838450589
CAGL0J00451g	4.59061139630718	8.37075114232456	8.24039274118211	1.64859459816073e-05	6.83866301218022e-05	2.92668559681071
CAGL0K07656g	-2.36974675010198	7.05696262728632	-8.23807855161436	1.65235308407093e-05	6.848826916161e-05	2.92422271845308
CAGL0F05137g	6.44387608057944	4.72935296896102	8.19737425050364	1.72002160229649e-05	7.05114572280509e-05	2.88081372958172
CAGL0M07744g	2.70667859395646	2.37931475867205	8.19484148737293	1.72433152039535e-05	7.05224649161691e-05	2.87810706802153
CAGL0L02761g	6.23746993002485	2.4250516383796	8.15240065375902	1.79834246689058e-05	7.29792466214899e-05	2.83265419398677
CAGL0L10890g	-3.05019076693038	4.12958495076139	-8.13026433400568	1.83832227445116e-05	7.42563048360479e-05	2.80887316459468
CAGL0E02937g	-2.19239906776237	3.92934022662574	-8.12876439703545	1.84106632078616e-05	7.43098087071362e-05	2.80725995022894
CAGL0K10906g	-3.76998419007386	7.50748873410884	-8.11705369865085	1.8626454505402e-05	7.48920809030562e-05	2.79465682916724
CAGL0I08547g	-3.20336316228091	4.96442277727953	-8.11382443493237	1.86864464887433e-05	7.50756311347439e-05	2.79117897582498
CAGL0M10241g	-3.60399744444177	7.21628485103149	-8.0533721957076	1.98495315934742e-05	7.87214377968467e-05	2.72587280246482
CAGL0M06347g	2.61900368953806	7.70744356016964	8.04297048436743	2.00575492817252e-05	7.94260745006288e-05	2.71459741487279
CAGL0K07337g	4.29332475893095	8.05086712662354	8.03828782571785	2.0151974236768e-05	7.97240628696656e-05	2.70951774147402
CAGL0D03718g	-2.165330066039	6.83960118083777	-8.02108997675725	2.05029706376802e-05	8.08230807893494e-05	2.69084203775268
CAGL0A01562g	-3.65887325863726	8.52908677482116	-8.01662947781015	2.05950973015545e-05	8.10243858351574e-05	2.68599315957472
CAGL0I01870g	2.11733028420115	5.62129746748947	7.99183515671776	2.11155406481372e-05	8.24924293231331e-05	2.65900177032013
CAGL0D01265g	6.29479407305138	5.10953090415678	7.91795018226631	2.27538444032689e-05	8.71370705567759e-05	2.57818377516852
CAGL0D01716g	-2.41800245090295	7.29118709135181	-7.90587163289415	2.30346856472097e-05	8.80836956633623e-05	2.56491657553242
CAGL0B04125g	-2.7811902153244	5.10400029608032	-7.88698693282913	2.34814215608204e-05	8.94001759061054e-05	2.54414215788976
CAGL0G05830g	2.12157437032206	8.88585590818691	7.88150264445246	2.36129304983704e-05	8.97510349384368e-05	2.53810191793223
CAGL0I02574g	-2.73782782626084	6.5635525946391	-7.88100058453489	2.36250097698502e-05	8.97510349384368e-05	2.53754880213379
CAGL0E04994g	-3.90896956595496	6.60190416177647	-7.84179877695709	2.45894217227954e-05	9.22764320565118e-05	2.49427678215124
CAGL0A03608g	-4.39296371713251	2.68977743990856	-7.83995554169951	2.46358174140465e-05	9.23602489929559e-05	2.49223809392865
CAGL0J00385g	-2.23106414339154	4.58129810285522	-7.82554543387837	2.50018550105357e-05	9.34223490222374e-05	2.47628731834491
CAGL0M12815g	6.51224340689243	1.45999493639756	7.82166261082558	2.51015005803973e-05	9.37277856907132e-05	2.47198552065287
CAGL0J02904g	2.83553042256957	7.76695125907463	7.81490509860844	2.52759590512936e-05	9.42447618472377e-05	2.46449494997947
CAGL0M02695g	-3.43625800742678	8.38995160369884	-7.80101870222852	2.56386486181141e-05	9.53034337887061e-05	2.44908661676972
CAGL0F08459g	-2.11723754790465	7.38721864065633	-7.75025341650821	2.70138848269181e-05	9.91013924799695e-05	2.39257905624606
CAGL0L03025g	-2.25494986741808	4.34523576494391	-7.74466190107668	2.71702333342899e-05	9.95614085972786e-05	2.38633787091558
CAGL0L09295g	6.37416124774054	2.26111905253091	7.73772322214867	2.73656306292258e-05	0.000100111164461214	2.37858824010113
CAGL0M11110g	-2.39524817622666	4.45522984115795	-7.68044011150241	2.90388396951337e-05	0.000104912578194634	2.31440826599415
CAGL0D00176g	-3.05088121335527	7.94535222293893	-7.58880246121701	3.19532775025406e-05	0.000113561037152614	2.21098280616956
CAGL0D05214g	-2.52131386154311	8.09025827139136	-7.57963827594071	3.22619068762892e-05	0.000114424852640497	2.20058832060421
CAGL0E02673g	-2.53827270334071	4.25420922843559	-7.53779482208693	3.37131798774164e-05	0.000118767494386457	2.15300764031774
CAGL0J05984g	-2.32956170197195	5.33982873376367	-7.5312584054618	3.39462703937322e-05	0.000119347700141832	2.14555722114488
CAGL0M12122g	-2.75760579040237	5.47153718516001	-7.50778033871691	3.47981656001067e-05	0.000122178669964157	2.11875640007373
CAGL0L00429g	2.18895383461105	8.22900344460379	7.46181043807475	3.653473972878e-05	0.000127421294124026	2.06609979786908
CAGL0G02629g	-2.64042098085208	2.75551616634166	-7.45206273402898	3.69150297831731e-05	0.000128490811778531	2.05490334378861
CAGL0I09790g	-2.49625516287915	6.68593193998749	-7.446206509208	3.71455819332513e-05	0.000129035913351407	2.04817153103507
CAGL0K06457g	-2.07179162464379	4.68596349912715	-7.41728064189241	3.83077080777481e-05	0.000132108598015159	2.01486338159969
CAGL0E00275g	7.71141985014377	1.47583945259272	7.40776403026191	3.86986985174521e-05	0.000133281372854514	2.00388406315155
CAGL0M11154g	-2.3316686650722	5.5731381838369	-7.35723659541308	4.08491094074791e-05	0.000139131481944146	1.94541621481313
CAGL0M01056g	-2.03960363876504	4.07216104027709	-7.35629203621837	4.08905339836126e-05	0.000139182019118473	1.94432041619725
CAGL0I02134g	2.56170677593289	3.20537654983447	7.32049017323141	4.24950488892931e-05	0.000143431064432914	1.90270997967452
CAGL0L08103r	-4.1529801843041	-1.19175139443669	-7.3182656258914	4.25969934091183e-05	0.000143537408251461	1.90011961447172
CAGL0J10384g	-3.15072954181846	8.06734699514901	-7.31232413105073	4.28705884209128e-05	0.000144048479065134	1.89319824726457
CAGL0A01716g	4.16859182323183	9.76279527501923	7.3016826612361	4.33654249107122e-05	0.000145617703276189	1.88079152831619
CAGL0A01199g	-3.10156112096436	4.30736885928264	-7.29388931209397	4.3731783559242e-05	0.000146501385598076	1.8716970284599
CAGL0J10890g	-2.18184125878507	4.55043083449199	-7.27404011100376	4.46802574533396e-05	0.000148886790431721	1.84850189374039
CAGL0F08085g	2.65804807368884	4.76045679989483	7.22841683497056	4.69467197262865e-05	0.00015466713515866	1.7950133331452
CAGL0H10362g	2.31687123631716	7.5779883846703	7.18049399040498	4.94635577648411e-05	0.000162021631283124	1.73856527481612
CAGL0M03487g	-2.48335252161417	3.3342707425064	-7.18003147991493	4.94885555724385e-05	0.000162021631283124	1.7380191653501
CAGL0A04015g	-2.02388777973431	7.00873689347361	-7.16224609238384	5.04603765256476e-05	0.000164688323635764	1.71699984874915
CAGL0B03311g	2.32414487925967	5.8415288172932	7.15348053024242	5.0946997943301e-05	0.000166069448463998	1.70662664462057
CAGL0G03773g	2.38385581440689	9.73473655317098	7.12855411503225	5.23590450374964e-05	0.000170195064807587	1.67707872815656
CAGL0L11484g	-2.07995966214818	7.48149585330154	-7.11234048517842	5.33004550533893e-05	0.000172492624845087	1.65781928575156
CAGL0I06006g	-2.14760480938739	4.72021735757508	-7.10662773055948	5.36365480613315e-05	0.000173426124524111	1.6510258883603
CAGL0H04807g	-2.11636468428492	3.70109037860827	-7.08655650170723	5.48358671276914e-05	0.000176764633259522	1.62712699074596
CAGL0L09581g	-2.69460581355103	5.57057858273758	-7.07263300599055	5.56850430418036e-05	0.000178803540966603	1.61051988553965
CAGL0D05500g	-2.13190257528066	4.60954720349273	-7.05590165874595	5.6724523007591e-05	0.000181068828015085	1.59053296736368
CAGL0M06281g	-3.58735255909378	-1.33488427241096	-7.03269350610189	5.82016499265793e-05	0.000184434405185014	1.56275324034203
CAGL0E01793g	2.42432544869537	9.11856994067181	6.99903328416815	6.0419210546984e-05	0.00019019516970142	1.52234707672123
CAGL0J00737g	-2.58648025110099	8.48132029398263	-6.99453369098856	6.07225747666051e-05	0.000190774387113896	1.51693531888703
CAGL0G05984g	3.19146344245674	2.42138667458898	6.99414322209933	6.07489786664497e-05	0.000190774387113896	1.51646557781185
CAGL0J03476g	-2.55150000241325	4.73283067543479	-6.97177512260152	6.22826708501344e-05	0.000194889289838884	1.48952546640855
CAGL0H05379g	2.01580573830478	7.88879463483658	6.95270737350648	6.36234880034207e-05	0.00019813739422838	1.46651226956921
CAGL0L06094g	2.85176607993859	4.0114403858836	6.94701101114887	6.40301391078161e-05	0.000199285242704766	1.45962863950593
CAGL0J01463g	-3.56031791409316	1.17858949187915	-6.94048226183984	6.44997064818408e-05	0.000200508291824487	1.45173426411196
CAGL0E04840g	2.96369193194358	1.04136158061552	6.89313359719074	6.80198222269558e-05	0.000209955052687567	1.39432565044939
CAGL0K03795g	-2.20506912503468	4.65292694224876	-6.87847085787165	6.91520403002713e-05	0.000213054880741059	1.37649183229191
CAGL0I02024g	2.13008351276761	4.2702656472877	6.87802388099837	6.91868762673925e-05	0.000213054880741059	1.37594777347196
CAGL0G07843g	-2.07501442322542	6.10157935491371	-6.79039511947819	7.64011727507743e-05	0.000231324545604571	1.26880976478226
CAGL0G00484g	-2.80794795143691	3.68599128280371	-6.78030444126074	7.72832747276063e-05	0.000233724981628549	1.25641141127237
CAGL0F00561g	-2.56750903101634	3.90422255880041	-6.75126409319973	7.98845165645621e-05	0.000240342209319243	1.220658891843
CAGL0J01045g	-2.4444004491379	3.86886101487043	-6.71326306437559	8.34337034437148e-05	0.000248733164879184	1.17371530368177
CAGL0I06050g	-3.51017756408101	11.625390237385	-6.68671982282603	8.60146717783671e-05	0.000255264629682399	1.14081827646862
CAGL0J09086g	-3.59735816773406	7.78976466995654	-6.65359060008892	8.93589113988753e-05	0.000263101181762155	1.09963419211125
CAGL0M03025g	2.19401231663515	4.70978774505019	6.64333321792868	9.0422892428962e-05	0.000266084228142561	1.0868547667987
CAGL0F04983g	-2.06845723051032	4.95371319939023	-6.60308527682765	9.47331663543321e-05	0.000277054818918955	1.03658196779018
CAGL0M10197g	-2.73635956370094	4.84512352222864	-6.58642885601526	9.65820524041558e-05	0.000281122763021872	1.01571656384047
CAGL0B00352g	-2.27272894262306	4.58700344304467	-6.52538272359617	0.000103702058438359	0.000298614013159961	0.938941544912961
CAGL0M04279g	-2.33827541720059	4.60720061607663	-6.52478856407984	0.000103774108000534	0.000298657204718413	0.938191951231461
CAGL0I07975g	-2.11780618731341	5.74280617962595	-6.49720728027377	0.000107179487651678	0.000306436164858839	0.903345370114002
CAGL0M03003g	-2.06981614583299	2.37129647253715	-6.46211320232801	0.000111689597362025	0.000317234460346826	0.858865335371441
CAGL0I05934g	2.50424084843348	4.43010965433696	6.44910409921018	0.000113413640091308	0.000320583372504317	0.84233650652549
CAGL0D05060g	-2.13419969044825	5.27385505257006	-6.40758969072859	0.000119112076600642	0.000334530270540758	0.789443310412995
CAGL0G10197g	4.48563554479448	-1.57178619583113	6.40757247649962	0.000119114503206872	0.000334530270540758	0.789421331463567
CAGL0E05456g	3.28480446059309	2.86764711705579	6.38864113374158	0.000121816034159521	0.000340655416039046	0.765226641404428
CAGL0B00792g	-3.63799577721935	4.45636508788573	-6.38432145564187	0.000122441762032432	0.000342039820832327	0.759699451293018
CAGL0K01749g	2.12793262463091	9.03812247192525	6.36890861874924	0.000124703072609908	0.000347244992081312	0.739958309638709
CAGL0M04719g	-2.13552502483038	3.93487668721698	-6.36399260153984	0.00012543386407793	0.00034872346173551	0.733655228822625
CAGL0J04048g	-2.08211894306013	3.76269154832684	-6.35504187926418	0.00012677643672872	0.000352082040464111	0.722170931351547
CAGL0F01023g	-2.56645713861377	4.03622666001231	-6.33239905091993	0.000130243128913682	0.000360562020022806	0.693072050621687
CAGL0C00209g	5.32729246359848	1.46812148338894	6.24920965930335	0.000143893646228513	0.000393976588915411	0.585584755003996
CAGL0K08360g	-2.3374738512494	4.51859087465625	-6.20972884452079	0.000150910248536104	0.000410184398279596	0.534252604666539
CAGL0I01936g	-3.58735255909378	-1.77101478806364	-6.16983798344753	0.000158379373365298	0.000427159206371631	0.482177107370989
CAGL0K05687g	7.44511286977659	4.67059296415527	6.16123730681589	0.000160041875376599	0.00043053402754188	0.470921590512642
CAGL0F00715g	-3.80261480878454	1.48041310433802	-6.14483278254639	0.000163265709121141	0.000436740089444161	0.449425979815388
CAGL0G01892g	3.09243048776089	7.14498117578528	6.14395970268062	0.000163439255351753	0.000436755743627579	0.448280935357705
CAGL0H00682g	2.12764577891567	8.33030303368654	6.11579879364742	0.000169145912714162	0.0004494816512988	0.411293218789684
CAGL0L10560g	-2.1013478383185	6.500502129305	-6.08874852826131	0.000174831959905773	0.000462245106114505	0.375664218936018
CAGL0F08745g	4.65200808338886	5.33583982634445	6.06388102392971	0.000180242794564633	0.00047391814643187	0.342823519308064
CAGL0M01210g	-2.01075320194478	3.98067646838483	-5.99094007645438	0.000197191080708835	0.00051378643043029	0.246014827363968
CAGL0F03927g	-2.37617777349544	6.70973040017503	-5.97616440920947	0.000200830850372909	0.000521502729018938	0.226316612586057
CAGL0E02343g	-2.55430042477538	4.05800348734097	-5.96420212003158	0.000203831041192591	0.000527983919170319	0.210347366906928
CAGL0G04455g	5.16005585919419	1.99063205704066	5.95993693278341	0.000204912508891336	0.000530260496315445	0.204648790092868
CAGL0M07634g	3.1138826959062	2.71565154543644	5.94908758342635	0.000207691620088436	0.000537186576661543	0.190142190816276
CAGL0K06215g	-2.27585734900081	4.46944023910034	-5.91915587824613	0.000215573184920955	0.00055401356065842	0.150037668779638
CAGL0E03069g	-2.14642662223902	4.55417728556261	-5.90731766151996	0.000218779502902721	0.000561426812595954	0.134142346757733
CAGL0E01925g	-2.80458693851186	3.50423773067419	-5.89900944402105	0.000221060637487953	0.000566447595325225	0.122975383572776
CAGL0M00946g	-2.04589215613225	4.6711797366286	-5.8980669607637	0.000221321035089223	0.000566837386835658	0.121708009588148
CAGL0B04455g	-2.45943165178528	0.917633687067831	-5.88914947482361	0.000223801379517	0.000571512303303167	0.109710505075733
CAGL0E03498g	2.86330232837972	3.80115796553788	5.8651310387318	0.000230633270106236	0.000586954384543582	0.0773422663709606
CAGL0L07678g	-2.3832168817339	3.67365665632089	-5.86339130228705	0.000231136843852463	0.00058795013487252	0.0749946608227834
CAGL0G07018g	-2.01440989635993	4.11869038300054	-5.85980860257591	0.000232177633146699	0.000590310786558023	0.0701588500833532
CAGL0I08943g	2.57364878616063	1.29592068345319	5.84304661466702	0.000237115074606522	0.000599692519728104	0.0475107156765278
CAGL0L11990g	2.31757576788348	3.95191149208892	5.71376395585233	0.000279252666018104	0.000687300285192653	-0.128468440739621
CAGL0K12430g	2.17280528655853	0.0714468728469923	5.70753010683969	0.000281480002378174	0.000690509752788069	-0.137012193385997
CAGL0F00341g	2.04927202991611	3.03624248756528	5.69673096462603	0.000285384205859751	0.000698777510606079	-0.151825597113569
CAGL0M13266g	5.12467820827603	0.202078677488919	5.6846802596402	0.000289810289270345	0.000706640365314512	-0.168374854476514
CAGL0I07249g	4.22356355223268	3.31102863433843	5.66674457129401	0.00029653618069672	0.000721559059580513	-0.193043228336876
CAGL0H08415g	-2.13731956781801	3.35872335233652	-5.62372260846364	0.000313368845370619	0.00075668169073579	-0.252396668682306
CAGL0G05951r	-3.70663180207096	0.981526937389348	-5.6022697167931	0.000322146738999954	0.000775730532964471	-0.282089344038964
CAGL0K04631g	2.73772244082551	5.35823947983142	5.56850509146822	0.000336506140678539	0.000803307109493844	-0.328952284426101
CAGL0I02596g	3.93251735328173	-1.80867168652896	5.56848629475208	0.00033651432495129	0.000803307109493844	-0.328978417188051
CAGL0L06314g	-2.14875699898549	5.18187449166782	-5.56405652783528	0.00033844911093757	0.000807189565265685	-0.335138421993605
CAGL0E00231g	-2.78169722229125	-0.13644281386962	-5.49456421084285	0.000370430875053659	0.000872337215882098	-0.432132425708926
CAGL0G00990g	-3.09366426578167	7.93296409288873	-5.47437183216812	0.000380326138167358	0.00089202837513715	-0.460442496761465
CAGL0K02211g	-2.22101629059033	4.11586516134108	-5.47301554985394	0.000381000955289821	0.000893210927425981	-0.462346072915423
CAGL0H03773g	-2.04351450691212	5.11957590846269	-5.4496115880166	0.000392851882621448	0.00091688792042946	-0.495234677003941
CAGL0J10252g	-2.76759678680343	3.68361839390582	-5.44422144556246	0.000395637359634457	0.000922977530163271	-0.502820084150891
CAGL0E00517g	-2.67303200150026	3.41609044203447	-5.44237101616679	0.00039659852888587	0.000924807705442108	-0.505425083641743
CAGL0B02904g	3.03718276482586	2.08244473451896	5.42149341361681	0.000407619675081274	0.00094629223904677	-0.534849420720154
CAGL0L02871g	-2.24254434409545	5.30578238767768	-5.41940076403238	0.000408742495431201	0.000948058025512777	-0.537802113794463
CAGL0M04873g	-2.34919000077286	8.48587924207712	-5.4085443199271	0.000414621489573073	0.000959942884161645	-0.553130226998204
CAGL0H07579g	-2.0338628139939	8.4831295851398	-5.40824779036356	0.000414783343643485	0.000959942884161645	-0.553549126213053
CAGL0C04587g	2.03395127828822	8.48906228999534	5.33937384025434	0.000454293047925455	0.00103988810926531	-0.651179703048359
CAGL0L00341g	-2.10388025096004	5.49671779090694	-5.33407954320874	0.000457494185553948	0.00104630059474658	-0.658712067695079
CAGL0J09746g	-2.01011910145424	4.56409657161297	-5.31870164742074	0.00046693122434879	0.00106602047948797	-0.680613016834759
CAGL0K10898r	-3.26212260116615	1.21312935978946	-5.26421713122853	0.000502096534026398	0.00113737574886551	-0.758476429412926
CAGL0K10780g	-2.14554032271704	7.28585381329735	-5.23686903749285	0.000520816308163221	0.00117277414102066	-0.7977166853272
CAGL0M11000g	5.86781990732458	3.90053939944542	5.18962264658437	0.000554954856173567	0.00123835834274025	-0.865755668860698
CAGL0K11638g	2.0358614893604	1.05232213719548	5.17388552967681	0.000566855761043473	0.00125475260425479	-0.888488190979944
CAGL0L11638g	-2.63174696720294	4.2769935761566	-5.14929721510236	0.000586004680746707	0.00129113405038258	-0.924076107694555
CAGL0J10912g	-2.06094891159718	3.61377236615334	-5.12513573028352	0.000605502225458352	0.00132850132031621	-0.959129026330601
CAGL0H05995g	2.20442717785777	1.37164801744483	5.10744313336035	0.000620222729081146	0.00135681821426653	-0.984849056226451
CAGL0M03905g	-2.32377405276997	4.64031077052411	-5.04878262386957	0.000671853880920683	0.00145097156213687	-1.07043929006393
CAGL0K05247g	4.02872284606664	3.73855346214048	4.98949108820274	0.000728776169728355	0.00155466310045963	-1.15744063172531
CAGL0L04950g	-2.6613665818434	4.777324068355	-4.97921277382523	0.000739161341842751	0.00157233223264803	-1.17257256664093
CAGL0M03377g	2.00268537779559	8.86211482962539	4.9570275227128	0.000762124116321655	0.00161592537421785	-1.20528448800237
CAGL0K00170g	3.75330756503304	-0.962850009853184	4.95287228569264	0.000766509703845064	0.00162456611321009	-1.21141899073548
CAGL0J10032g	-2.32697860220546	4.96934883123587	-4.94924138177871	0.000770364121533851	0.00163009546331031	-1.21678137931065
CAGL0C03245g	2.25362937655888	4.14172531297148	4.91430544928405	0.000808534355341479	0.00169850615979641	-1.26847140312385
CAGL0I10147g	2.41133265521636	6.19359316432981	4.87523851186413	0.000853640980632612	0.00177898508503652	-1.32647501040099
CAGL0J11286g	-2.58779727789005	2.85180225851893	-4.84637299563984	0.000888704210716744	0.00184471314159483	-1.36946868690801
CAGL0H05709g	-2.15315408144747	4.64563739361346	-4.84460101405596	0.000890906490804267	0.00184781912811424	-1.37211172983491
CAGL0J04576g	-2.50021626069749	3.42200355966053	-4.8377555192413	0.000899469545625137	0.00186262779721028	-1.3823263884236
CAGL0G06182g	2.57689557506773	4.53881731065792	4.8298393491641	0.000909482296735508	0.00188112991837629	-1.3941467807311
CAGL0K06380g	2.49273608253902	4.34214291850645	4.74261435736401	0.00102808960495535	0.00209990209986003	-1.5249644589332
CAGL0M13519g	-2.06057241345193	5.60118773082627	-4.68887196234601	0.00110935634574769	0.0022457387741644	-1.6060870742378
CAGL0J02376g	-2.82541699442589	3.03818827941875	-4.66447207451387	0.0011485026131948	0.00231602895996718	-1.64304840625773
CAGL0C05379g	-2.02862494835095	8.22120994251005	-4.61742683383935	0.00122822213784208	0.00245879269277372	-1.71454194570814
CAGL0C04741g	3.53782892495762	9.6724359958338	4.61556866081961	0.00123149015115624	0.00246439256166013	-1.71737192919478
CAGL0A01804g	2.2481507561195	7.24613108735319	4.5684770035038	0.00131749816181288	0.00261749634804192	-1.78924775066971
CAGL0L13354g	2.75715913020683	0.280135387777059	4.48792262079466	0.00147988119407431	0.0028961413274688	-1.91288679333137
CAGL0L05786g	2.88745054394048	4.80505737843585	4.48341781552091	0.00148957268939053	0.00291184205711703	-1.91982648801421
CAGL0J01265g	-2.03104943196456	4.69858749129155	-4.29371351706578	0.00196605492963403	0.00372774268621303	-2.21447206648354
CAGL0C01639g	-2.341403001481	4.21184867859136	-4.26546216861387	0.00204992433676479	0.00386994370824511	-2.25874625231127
CAGL0F06809g	-2.03503791095954	3.71261486522413	-4.25104926203894	0.00209417231231663	0.00394210429880531	-2.28137206366436
CAGL0K08046r	3.73431847585829	0.0754722291245005	4.24979136376251	0.00209808205625521	0.00394662578673951	-2.2833479812151
CAGL0L02937g	2.1913121200708	-3.46965844942743	4.24222795743496	0.00212175474252487	0.00398399787558024	-2.29523280286658
CAGL0E05478g	-2.17010150119605	4.505155202464	-4.17196250799631	0.00235576517271212	0.00437475369959133	-2.40598281496918
CAGL0L08481g	2.19443196288541	2.69380244291751	4.14539305209964	0.0024512742697108	0.00452962259157644	-2.44801771483357
CAGL0A03586g	2.82947464511705	1.98450558648845	4.14374048742907	0.00245734911507486	0.00453764466222818	-2.4506350103588
CAGL0K08668g	2.75395316695472	1.78891100584076	4.12203241609807	0.00253865040111323	0.0046729377109099	-2.48504616112572
CAGL0D00154g	4.82034356075992	3.53639123783119	4.10177928600898	0.00261708198133149	0.0047970672872095	-2.51720159847881
CAGL0K13002g	4.55114034544623	0.880977724309545	4.04210796766107	0.0028634848106589	0.00518876531111088	-2.61222050975872
CAGL0I09592g	-2.06537695506065	4.05525499509516	-4.02743857007401	0.00292775260724548	0.00528874565180473	-2.63564280145369
CAGL0K08036r	2.12877859655718	1.06182977901091	4.01037607075864	0.00300443358063845	0.00541232270978743	-2.66291701688549
CAGL0B02651g	3.27094282861951	0.390851736392336	3.94152995558973	0.00333613444791533	0.00595860246838511	-2.773298795649
CAGL0A03905g	3.13409874453826	6.48774984053272	3.93144827808035	0.00338787329382009	0.00603659519848475	-2.7895067816228
CAGL0H01837g	2.47522764320626	7.62062256410853	3.90916118633261	0.00350528587876834	0.0062203971441872	-2.82537607677983
CAGL0E06600g	-2.21862174351142	-0.104718242155911	-3.83695115793149	0.00391616939017496	0.00684741040666863	-2.94195401154564
CAGL0B01875g	4.88886762602979	0.864307286745782	3.83076165269054	0.00395368080430605	0.00690838418242395	-2.95197168967071
CAGL0M05819g	-2.43728243072965	-2.25782729785745	-3.81369542374799	0.00405908796368653	0.00706897055552195	-2.97961341552564
CAGL0A00649g	3.75330756503304	-0.380524615635056	3.81198434020816	0.00406981857974282	0.00708294556680641	-2.98238643303235
CAGL0H09592g	2.78882706126047	-1.59482029875266	3.80774445822186	0.00409653705096986	0.00711761415925231	-2.98925893893971
CAGL0J06402g	-2.28330000471461	0.533335920298735	-3.80583665576725	0.00410861975420007	0.00713623902230835	-2.99235191941788
CAGL0C03872g	2.19748961536304	3.79040566107666	3.70722614486468	0.00478725329932836	0.00817393053554598	-3.15270462203864
CAGL0J03058g	3.61913887754295	4.39023908864419	3.6942653063132	0.00488486424388722	0.00832430479060859	-3.173848753642
CAGL0C04213g	2.4234079194784	0.0602688937904884	3.62820951798109	0.00541590540140822	0.00910185065052071	-3.28184441961024
CAGL0M12100g	-4.91237272007615	-1.73187787913186	-3.62709177352538	0.00542539634158107	0.00911487479081415	-3.28367510226929
CAGL0L12496g	2.96803684950917	-0.538173618880826	3.61420852780001	0.00553605906238127	0.00928291774233375	-3.30478337263547
CAGL0D06380g	2.82186532029427	0.669689809657901	3.61121570357727	0.00556210393570397	0.00931763651309128	-3.30968889419992
CAGL0K10846g	2.11130701874865	6.46991528892346	3.56138137425068	0.00601519678858022	0.0100062139142731	-3.39147979887851
CAGL0J01800g	3.43168855958763	0.258605969829821	3.51385484309345	0.00648343266604299	0.0107034910144229	-3.46966464600671
CAGL0F01463g	-2.52422654225123	7.79407771853947	-3.47813908619819	0.00686032927881261	0.0112617823062352	-3.5285296948315
CAGL0K03905g	2.96803684950917	-0.52795842127585	3.47414451442353	0.00690388478633082	0.0113190845150147	-3.53511897336057
CAGL0F00649g	2.58789573549738	0.539488488263198	3.39327306600505	0.00785065564440831	0.0127003035532996	-3.66874823859813
CAGL0M00132g	2.32014147375097	0.445452349672258	3.36456177602709	0.00821855053070017	0.0132545015490497	-3.71628685788137
CAGL0H10010g	2.90307015106012	1.99716454234166	3.32201903335292	0.00879701764649845	0.0140962312150044	-3.78681083479582
CAGL0L12914g	2.20249480318093	8.90500680918713	3.30685804082467	0.00901326933510351	0.0144074702196235	-3.81196612300727
CAGL0C00671g	2.16660689554932	7.18099965378252	3.2914251162163	0.00923908132045413	0.0147189868267125	-3.8375840326568
CAGL0H07645g	4.03168471011057	0.744369490400228	3.22381678170171	0.0102997521521357	0.0162361549949199	-3.94993374780473
CAGL0F02607g	3.31005170353955	-2.19073535186435	3.17621963995471	0.0111216075686545	0.0174316214436846	-4.02913243909594
CAGL0A02211g	-2.87364305568281	6.28967831480019	-3.13785185288462	0.0118333542814148	0.0184477694053622	-4.09302328475228
CAGL0K04598r	-2.1395051773167	1.63347577189693	-3.12678342981271	0.0120473073137761	0.0187589690028607	-4.11146142699592
CAGL0C05577g	2.17122814782357	0.332699688882626	3.02659160435366	0.0141752932476637	0.0217745481665256	-4.27845606404444
CAGL0L06512g	2.04007084383026	2.78887160373648	3.01717666595563	0.0143942017375435	0.0220913650237585	-4.29415331522111
CAGL0L10879r	-2.07697553051778	0.869315455180689	-2.93732345767925	0.0163962902290587	0.0248220298869642	-4.42728322237854
CAGL0B01100g	2.4712032613166	7.23463956720534	2.92872273462882	0.016628314870277	0.0251442022951763	-4.44161908338245
CAGL0G04785g	2.23772353298144	-0.224956425409116	2.77998477268381	0.0212163716465772	0.0314639392549099	-4.68925500165937
CAGL0G06446g	2.9708304150597	-0.000743606397810236	2.72107225511457	0.0233726855055712	0.0343600136539357	-4.78709509813446
CAGL0D05236g	-4.61814227178035	-1.56792901200517	-2.65476964158749	0.0260662338243155	0.0379362619044459	-4.89695465033799
CAGL0J00869g	-2.13107005764139	2.68396939313067	-2.60853744437173	0.0281277664667674	0.0405756013925399	-4.97336254191935
CAGL0M07693r	-2.65861328095359	0.335073095527278	-2.60059021216543	0.0284983191257223	0.0410197142213792	-4.9864784435749
CAGL0H09922g	2.98837738372593	-0.215618727731017	2.48473157406103	0.034490872955001	0.0487472246002781	-5.17696184016537
CAGL0B02137r	-2.00643697572828	0.605006516408527	-2.47108073759605	0.0352751829407376	0.049681351276503	-5.19930414720183
