genesymbol4	S37	S38	S1	S2
CAGL0M02871g	332.527812096468	331.846628278481	150.826940028464	148.247232812264
CAGL0B02475g	5152.45227671168	5245.595858481	4.57051333419587	11.5794344231573
CAGL0M11660g	1531.01098427062	1503.55753784631	63.5716854665426	60.3349477838195
CAGL0C02211g	140.331744294565	140.892021051073	216.891632768204	216.657312496443
CAGL0B02926g	198.634397616607	192.29856927241	1.24650363659887	1.21888783401656
CAGL0D05170g	143.193224212212	137.420119101484	0	0.304721958504139
CAGL0G02717g	75.3523044980164	77.2778175876314	4.57051333419587	6.24680014933485
CAGL0A01243g	2844.90717978983	2729.02692921422	69.804203649537	100.86296826487
CAGL0L00583g	66.8870930749798	66.6381180646966	28.6695836417741	29.2533080163973
CAGL0L12144g	123.997463098002	123.64450814021	83.1002424399249	82.1225678168654
CAGL0G01540g	1152.461036832	1087.04130073268	61.4941794055445	47.5366255266457
CAGL0A02321g	859.397801933073	834.264439435168	369.796078857666	385.320916528484
CAGL0M03729g	165.250465244068	163.739375816112	123.403860023289	122.041144380908
CAGL0L13068g	68.9139746833125	68.9900516434506	96.8117824425126	96.2921388873079
CAGL0D00660g	64.6217548068432	64.2861844859426	38.6416127345651	38.3949667715215
CAGL0F08085g	48.8836152597891	49.1666114796669	16.2045472757854	17.9785955517442
CAGL0A04565g	113.266913406828	111.772843409357	173.679506699443	169.577769907553
CAGL0K01961r	1.4307399588231	3.47190194958924	37.8106103101658	37.0237179582529
CAGL0J00385g	76.1869028073299	76.7178334022138	118.833346689093	121.888783401656
CAGL0G09449g	801.452833600738	779.161995590075	504.418471610344	511.932890286953
CAGL0L05016g	60.3295349303739	60.8142825363534	31.5780921271715	33.0623324976991
CAGL0D04834g	105.874756952909	107.516963600183	142.101414572272	143.981125393206
CAGL0G04433g	380.33837238714	357.941891318942	97.6427848669118	88.8264509039565
CAGL0L06402g	156.904482150933	154.219644664012	197.778577007021	196.088580297413
CAGL0M08074g	118.274503262709	119.612622005203	145.009923057669	144.438208330962
CAGL0H03751g	147.485444088681	148.171815461502	180.327526094637	182.680814123231
CAGL0L04664g	225.699228504343	218.505829149955	77.2832254691302	65.5152210783899
CAGL0K05093g	272.436733825898	273.720269832132	212.321119434008	217.266756413451
CAGL0F04565g	746.727030175754	761.242501656711	596.244239506461	592.227126352794
CAGL0I09394g	116.605306644082	116.364713729781	81.8537388033261	78.922987252572
CAGL0L11836g	147.843129078387	150.635745877339	111.354324869499	112.747124646531
CAGL0K08844g	200.06513757543	214.473943014948	46.536135766358	51.6503719664515
CAGL0F02145g	327.758678900391	343.718293009334	140.023908511274	149.618481625532
CAGL0K03091g	45.5452220225352	45.8067063671612	84.3467460765238	88.0646460076961
CAGL0J11176g	84.1752009107588	87.1335392509815	36.564106673567	40.0709375432943
CAGL0M12837g	484.543932721422	492.33809581917	565.912651015889	567.392286734707
CAGL0G06952g	423.975941131244	453.699187025355	122.15735638669	134.839466638081
CAGL0M02629g	509.581882000826	524.033200713808	145.425424269869	106.957407434953
CAGL0I04620g	63.310243177922	64.6221749971932	41.9656224321621	42.8134351698315
CAGL0H01639g	17.407336165681	17.0235192366956	34.4866006125689	35.195386207228
CAGL0E01837g	96.2172622308532	95.5333020322457	35.3176030369681	41.4421863565629
CAGL0L00737g	165.608150233773	172.027141760292	109.692320020701	109.242822123734
CAGL0B02035g	335.389292014114	339.46241320016	289.188843690939	292.075997226217
CAGL0G06050g	240.602769742084	214.361946177864	0	0.457082937756208
CAGL0G10153g	445.794725503296	447.987348334095	347.359013398886	358.200662221615
CAGL0G08426g	46.4990486617506	47.8226494346646	28.6695836417741	28.6438640993891
CAGL0K03069g	103.013277035263	95.9812893805798	28.6695836417741	23.6159517840708
CAGL0M06677g	297.593911435204	315.60708690137	483.227909788164	495.934987465486
CAGL0K07546g	3404.08804702985	3842.27548982445	5.40151575859512	6.09443917008278
CAGL0G01254g	218.545528710228	218.505829149955	335.724979457297	350.734974238264
CAGL0H04235g	87.155909158307	88.0295139476496	105.121806686505	106.04324155944
CAGL0F06039g	176.57715658475	171.019170226541	125.481366084287	125.850168862209
CAGL0F08745g	28.9724841661677	26.7672440629622	3.324009697597	4.11374643980587
CAGL0H06193g	65.3371247862547	63.6142034634415	85.5932497131227	86.8457581736796
CAGL0K07524g	329.070190529312	317.287039457623	103.459801837707	127.37377865473
CAGL0K05390g	332.05089877686	342.038340453082	92.6567703205163	60.4873087630716
CAGL0D06154g	75.5907611578203	76.0458523797126	50.2756466761546	52.8692598004681
CAGL0E01793g	554.769419033656	552.816387844273	125.481366084287	178.262345724921
CAGL0G04345g	83.5790592612492	84.6696088351439	66.8956951641396	65.819943036894
CAGL0J05522g	96.8134038803629	99.5651881672526	72.2972109227347	71.0002163314644
CAGL0L05456g	616.291237263049	682.508725186994	134.622392752678	149.161398687776
CAGL0M12705g	245.491131268063	267.448446955455	91.4102666839174	87.9122850284441
CAGL0J01870g	80.2406660239953	84.6696088351439	44.0431284931602	45.7082937756208
CAGL0M01408g	86.9174524985031	85.117596183478	137.530901238076	131.487525094536
CAGL0A01650g	146.889302439171	160.715461214857	34.0710994003692	41.2898253773108
CAGL0M13541g	150.704608996033	158.251530799019	96.3962812303129	94.4638071362831
CAGL0L02167g	26.4686892382273	27.3272282483798	12.4650363659887	12.3412393194176
CAGL0K08184g	298.547738074419	302.167466451347	330.323463698702	331.385129873251
CAGL0F02233g	89.8981607460512	82.6536657676405	162.876475182253	156.170003733371
CAGL0A00781g	111.716945118103	109.532906667686	68.9732012251377	63.5345283481129
CAGL0I10010g	17.5265644955829	16.463535051278	2.49300727319775	2.28541468878104
CAGL0I04510g	108.37855188085	109.308912993519	91.8257678961171	93.0925583230144
CAGL0J08437g	139.258689325448	144.811910348996	101.382295776708	99.9488023893575
CAGL0H01177g	140.450972624467	145.371894534414	45.7051333419587	57.8971721157864
CAGL0E05918g	36.9607822695967	36.8469594004793	17.4510509123842	19.5022053442649
CAGL0F06941g	499.805158948868	488.530203358331	133.791390328279	182.071370206223
CAGL0J02508g	124.474376417609	109.532906667686	5.81701697079475	11.7317954024093
CAGL0I02574g	147.723900748485	163.515382141945	294.174858237334	310.359314736465
CAGL0M11880g	128.408911304373	129.244349994386	146.256426694268	148.399593791516
CAGL0K04169g	89.1827907666397	92.5093874309906	41.9656224321621	48.1460694436539
CAGL0C00341g	57.2295983529239	58.4623489575994	71.4662084983354	71.4572992692206
CAGL0D00858g	1160.92624825504	1082.11343990101	1725.16103305284	1677.34202058603
CAGL0L04708g	109.451606849967	112.332827594774	132.54488669168	133.620578804065
CAGL0J00341g	90.8519873852666	98.8932071447515	146.256426694268	147.637788895255
CAGL0K11968g	181.703974770533	181.434876075308	193.623564885025	194.564970504893
CAGL0I09878g	331.812442117056	316.391064760955	456.635832207388	443.21808864427
CAGL0K09152g	91.6865856945801	91.5014158972389	111.769826081699	109.242822123734
CAGL0M01144g	85.3674842097781	86.3495613913968	109.692320020701	106.652685476449
CAGL0I04488g	214.96867881317	209.322088509106	257.610751563767	262.82268920982
CAGL0E05984g	33.5031607024408	29.0071808046326	0.831002424399249	1.82833175102483
CAGL0C05159g	171.450338398968	166.651293580283	106.368310323104	114.575456397556
CAGL0K02145g	199.349767596018	212.122009436194	119.664349113492	112.137680729523
CAGL0L10714g	167.515803512204	175.723037384049	221.8776473146	223.361195583534
CAGL0A01606g	25.39563426911	22.3993674167047	2.90850848539737	3.35194154354553
CAGL0G02739g	53.6527484558661	63.3902097892744	0	0.152360979252069
CAGL0J11198g	175.146416625927	178.522958311137	206.088601251014	203.249546322261
CAGL0L07304g	227.487653452872	225.561629886217	241.821705500182	242.25395701079
CAGL0B01529g	36.8415539396947	37.2949467488134	21.6060630343805	23.3112298255666
CAGL0D05346g	69.1524313431163	70.3340136884529	54.0151575859512	55.4593964477533
CAGL0F08833g	761.749799743397	782.969888050914	592.920229808865	567.697008693211
CAGL0L06204g	465.348171607212	478.002500672479	379.768107950457	387.911053175769
CAGL0E02365g	35.2915856509697	34.3830289846418	23.268067883179	22.8541468878104
CAGL0L03135g	49.8374418990045	48.2706367829987	34.9021018247685	33.9764983732115
CAGL0M13211g	121.135983180356	120.956584050206	140.854910935673	144.133486372458
CAGL0J07040g	257.175507598452	236.985307268736	83.5157436521246	101.472412181878
CAGL0M03179g	242.391194690613	224.553658352465	123.819361235488	114.727817376808
CAGL0D02442g	179.200179842593	182.666841283227	144.594421845469	149.161398687776
CAGL0D04730g	91.3289007048743	93.2933652905753	73.128213347134	74.9616017920182
CAGL0C02623g	366.74634277832	364.325711032703	337.386984306095	340.983871566131
CAGL0J05236g	106.947811922026	106.396995229348	122.15735638669	124.478920048941
CAGL0D06600g	229.991448380813	203.72224665493	28.6695836417741	46.9271816096374
CAGL0H06259g	66.8870930749798	65.1821591826108	51.1066491005538	51.9550939249557
CAGL0G02453g	70.1062579823317	80.6377227001371	137.530901238076	142.000432662929
CAGL0M08734g	44.5913953833198	44.3507474850754	25.7610751563767	28.3391421408849
CAGL0I10791g	39.1068922078313	35.3910005183935	14.1270412147872	12.7983222571738
CAGL0H02563g	35.6492706406755	33.4870542879736	14.1270412147872	16.3026247799714
CAGL0I03806g	107.067040251928	105.501020532679	122.572857598889	120.974617526143
CAGL0L03498g	63.9063848274316	62.7182287667733	51.1066491005538	50.1267621739308
CAGL0F05071g	35.8877273004793	36.1749783779782	20.3595593977816	22.3970639500542
CAGL0K10164g	252.406374402375	215.593911385783	8.31002424399249	25.2919225558435
CAGL0K05995g	108.020866891144	96.2052830547469	175.757012760441	184.0520629365
CAGL0K02959g	134.847241119077	138.988074820653	93.9032739571152	86.3886752359234
CAGL0K12254g	293.420919888637	313.255153322616	127.974373357484	151.446813376557
CAGL0J06380g	232.495243308753	227.689569790804	191.130557611827	195.783858338909
CAGL0B03575g	73.4446512195856	72.7979441042904	84.3467460765238	83.493816630134
CAGL0I10054g	25.6340909289138	27.5512219225468	11.2185327293899	12.3412393194176
CAGL0A01738g	260.513900835705	281.560048427979	148.749433967466	157.084169608884
CAGL0M03135g	123.401321448492	115.580735870196	77.6987266813298	75.8757676675306
CAGL0H07843g	53.5335201259642	54.318465985509	43.6276272809606	42.9657961490836
CAGL0M05929g	136.2779810779	137.532115938567	120.079850325692	117.317954024093
CAGL0L03685r	2.38456659803849	1.67995255625286	12.8805375781884	12.1888783401656
CAGL0K02805g	44.8298520431237	43.9027601367413	32.4090945515707	33.3670544562032
CAGL0K07766g	128.170454644569	131.820277247307	150.826940028464	151.142091418053
CAGL0H08844g	265.283034031783	265.880491236285	23.268067883179	66.1246649953981
CAGL0E05280g	41.4914588058698	42.558798091739	28.6695836417741	30.0151129126577
CAGL0B02145g	55.5604017342969	51.0705577100868	78.9452303179287	78.0088213770595
CAGL0H02871g	88.3481924573262	86.9095455768144	63.9871866787422	59.4207819083071
CAGL0J08316g	173.4772200073	159.147505495687	36.1486054613674	55.1546744892491
CAGL0I07865g	75.5907611578203	66.5261212276131	20.7750606099812	15.8455418422152
CAGL0L10208g	43.1606554244967	41.6628233950708	30.7470897027722	30.3198348711618
CAGL0B05049g	49.9566702289065	48.9426178054999	103.459801837707	93.8543632192748
CAGL0E04312g	191.599926152393	190.730613553241	123.819361235488	135.905993492846
CAGL0K00297g	259.202389206784	258.152709477522	282.540824295745	278.668231052035
CAGL0C04323g	17.0496511759752	17.1355160737791	5.81701697079475	7.00860504559519
CAGL0M07315g	150.943065655837	148.843796484003	74.7902181959325	88.2170069869482
CAGL0I05632g	127.931997984765	119.948612516454	83.5157436521246	83.1890946716299
CAGL0M10351g	143.550909201917	153.21167313026	53.5996563737516	68.2577187049271
CAGL0I06270g	459.505983442018	457.395082649111	374.366592191862	389.587023947542
CAGL0E03520g	114.816881695553	113.564792802693	129.636378206283	132.249329990796
CAGL0H04213g	95.024978931834	94.6373273355776	132.96038790388	141.39098874592
CAGL0I04554g	394.765000305273	336.102508087655	76.0367218325313	80.4465970450927
CAGL0I00748g	1242.35919757806	1248.87673031837	382.261115223655	543.471612992132
CAGL0H05555g	72.848509570076	69.4380389917847	89.7482618351189	89.7406167794689
CAGL0L04510g	706.1893980091	663.357266045711	983.491369276512	944.790432342083
CAGL0H04301g	269.694482238154	281.560048427979	335.309478245097	333.365822603528
CAGL0F03333g	64.2640698171374	65.0701623455273	74.7902181959325	74.1997968957578
CAGL0J09020g	58.660338311747	65.9661370421955	25.7610751563767	26.5108103898601
CAGL0J04180g	81.1944926632107	81.8696879080559	68.1421988007385	69.9336894766999
CAGL0K04037g	278.875063640602	296.679621434254	147.502930330867	168.054160115033
CAGL0A02112g	673.99774893558	726.411485323735	1014.65396019148	980.442901487067
CAGL0K06380g	12.3997463098002	11.75966789377	2.49300727319775	3.04721958504139
CAGL0H03223g	77.2599577764472	76.9418270763808	66.0646927397403	64.2963332443733
CAGL0F09229g	83.1021459416415	84.5576119980604	96.8117824425126	95.5303339910475
CAGL0K06281g	263.971522402861	272.152314112963	309.54840308872	313.558895300759
CAGL0H05951g	68.6755180235086	72.5739504301234	49.4446442517553	47.3842645473936
CAGL0M12430g	1290.76589951824	1205.98194171538	812.304869850266	843.165659180952
CAGL0G04829g	36.1261839602832	34.8310163329759	13.296038790388	17.0644296762318
CAGL0D05192g	247.637241206298	254.9048012021	201.518087916818	208.125097658327
CAGL0G01738g	125.547431386727	106.508992066431	15.7890460635857	23.7683127633228
CAGL0M10829g	106.470898602419	112.108833920607	82.2692400155257	81.5131238998571
CAGL0J02530g	14.4266279181329	12.9916331016888	1.6620048487985	2.74249762653725
CAGL0L13398r	541.177389424836	1137.43987742027	13636.7497843917	16728.3213560017
CAGL0H00957g	436.971829090554	441.043544434916	478.657396453968	472.014313722911
CAGL0G05698g	44.9490803730256	41.7748202321544	24.9300727319775	26.358449410608
CAGL0E05588g	37.5569239191063	34.1590353104747	17.4510509123842	18.4356784895004
CAGL0J02552g	19.5534461039157	16.5755318883615	0.415501212199625	1.82833175102483
CAGL0F04807g	137.351036047017	133.50022980356	31.1625909149719	51.6503719664515
CAGL0E06072g	31.59550742401	32.5910795913054	15.7890460635857	18.4356784895004
CAGL0M12595g	153.208403923973	151.195730062757	120.079850325692	126.002529841461
CAGL0H02101g	73.9215645391933	62.1582445813557	8.72552545619212	13.25540519493
CAGL0L02827g	43.6375687441044	38.8629024679827	14.9580436391865	17.3691516347359
CAGL0C04961g	48.8836152597891	46.2546937154953	68.9732012251377	65.819943036894
CAGL0K04301g	15.4996828872502	14.6715856579416	4.57051333419587	2.89485860578932
CAGL0K10516g	141.524027593585	136.300150730648	104.706305474305	109.395183102986
CAGL0G08448g	71.6562262710568	76.3818428909632	49.860145463955	51.4980109871995
CAGL0I00836g	51.7450951774353	54.318465985509	38.2261115223655	39.1567716677818
CAGL0J00275g	125.428203056825	125.884444881881	143.76341942107	140.476822870408
CAGL0J05126g	210.557230606799	215.593911385783	130.467380630682	146.723623019743
CAGL0M12408g	1883.56915579061	1946.16903800039	2291.48918528093	2362.96642722034
CAGL0D01540g	169.781141780341	167.323274602784	153.319947301662	150.989730438801
CAGL0M11286g	50.4335835485142	50.1745830134186	61.9096806177441	64.2963332443733
CAGL0B01793g	73.4446512195856	68.7660579692836	95.5652788059137	93.3972802815186
CAGL0I03872g	84.0559725808569	82.4296720934735	35.7331042491677	45.4035718171167
CAGL0I05104g	37.9146089088121	38.3029182825651	46.9516369785576	46.165376713377
CAGL0G00858g	63.310243177922	62.3822382555227	52.7686539493523	51.1932890286953
CAGL0J02002g	64.979439796549	68.430067458033	44.8741309175595	47.6889865058977
CAGL0K02277g	78.2137844156626	76.9418270763808	58.5856709201471	62.0109185555923
CAGL0H01606g	63.310243177922	68.0940769467824	39.0571139467647	42.0516302735712
CAGL0B02739g	63.9063848274316	62.9422224409403	54.4306587981508	53.4787037174764
CAGL0J08547g	42.3260571151833	41.6628233950708	19.5285569733824	23.9206737425749
CAGL0L06622g	165.36969357397	171.803148086125	90.9947654717178	71.4572992692206
CAGL0M08844g	137.351036047017	136.300150730648	101.797796988908	92.6354753852582
CAGL0M05593g	88.9443341068358	85.9015740430627	147.087429118667	134.839466638081
CAGL0G01320g	61.5218182293931	65.1821591826108	24.5145715197779	31.8434446636825
CAGL0K12848g	885.031892861987	885.111003471088	1275.58872145285	1192.3770236267
CAGL0G04499g	57.8257400024335	61.9342509071886	126.312368508686	112.747124646531
CAGL0D01716g	288.294101702854	287.495880793405	390.986640679847	368.86593076926
CAGL0G06072g	115.413023345063	112.108833920607	66.48019395194	76.0281286467826
CAGL0C04169g	77.3791861063491	75.1498776830444	47.7826394029568	53.3263427382243
CAGL0H04081g	613.787442335108	626.958293993566	767.846240144906	806.141941222699
CAGL0J10179g	116.843763303886	124.988470185212	161.214470333454	157.084169608884
CAGL0I01166g	56.8719133632181	56.5584027271795	99.3047897157103	90.1976997172251
CAGL0M06655g	296.759313125891	313.815137508034	453.72732372199	425.696576030282
CAGL0E00847g	182.657801409749	187.146714766568	218.553637617003	226.408415168575
CAGL0G02079g	4008.57567963261	4218.13687507675	5111.49591247978	5007.80066605702
CAGL0L07766g	16.9304228460733	19.7114433267002	3.73951090979662	4.87555133606622
CAGL0K10318g	69.629344662724	70.2220168513694	61.0786781933448	62.0109185555923
CAGL0B04565g	479.297886205737	457.507079486194	555.940621923098	555.965213290801
CAGL0G09273g	19.4342177740137	24.8632978325423	50.6911478883542	56.0688403647615
CAGL0I09724g	10.9690063509771	15.5675603546098	42.3811236443617	37.7855228545132
CAGL0F04873g	356.373478076853	368.245600330626	279.216814598148	294.056689956494
CAGL0F01111g	34.2185306818524	37.0709530746464	22.4370654587797	22.0923419915501
CAGL0M12320g	278.875063640602	301.159494917595	201.933589129018	201.116492612732
CAGL0M03927g	55.9180867240027	56.2224122159289	46.9516369785576	48.1460694436539
CAGL0K02915g	57.1103700230219	52.9745039405067	35.7331042491677	37.1760789375049
CAGL0H03487g	156.189112171521	145.819881882748	204.842097614415	215.74314662093
CAGL0G04763g	330.620158818037	350.662096908513	143.76341942107	184.204423915752
CAGL0F06633g	68.079376373999	67.7580864355319	60.6631769811452	59.8778648460633
CAGL0A02046g	114.816881695553	103.821067976427	61.9096806177441	55.0023135099971
CAGL0L09955g	140.689429284271	139.324065331904	129.220876994083	130.573359219024
CAGL0M12188g	248.114154525905	257.032741106687	173.679506699443	189.689419168826
CAGL0M00880g	454.617621916039	541.168716787587	148.333932755266	166.682911301764
CAGL0J08272g	168.111945161714	168.44324297362	98.8892885035107	114.88017835606
CAGL0M13761g	177.530983223966	181.098885564058	127.143370933085	138.648491119383
CAGL0L03355g	30.4032241249908	31.0231238721361	23.268067883179	22.3970639500542
CAGL0E01881g	135.085697778881	120.396599864788	20.7750606099812	41.4421863565629
CAGL0D06446g	126.262801366138	125.324460696463	133.791390328279	134.839466638081
CAGL0F04631g	14.5458562480348	11.6476710566865	0	0.457082937756208
CAGL0B04477g	57.5872833426296	57.5663742609312	48.1981406151565	49.6696792361746
CAGL0F07513g	44.2337103936141	43.4547727884072	7.47902181959325	15.8455418422152
CAGL0G02849g	39.4645771975371	38.8629024679827	8.31002424399249	15.388458904459
CAGL0A04411g	78.2137844156626	79.5177543293019	89.3327606229193	87.9122850284441
CAGL0J04202g	889.681797728162	778.042027219239	49.0291430395557	203.249546322261
CAGL0K03971g	83.936744250955	81.3097037226382	67.7266975885388	64.6010552028774
CAGL0I00374g	28.0186575269523	26.8792409000457	35.7331042491677	36.8713569790008
CAGL0A03542g	341.469936839112	336.214504924738	292.512853388536	302.284182836106
CAGL0L07480g	47.8105602906718	45.9187032042447	32.4090945515707	34.8906642487239
CAGL0M08206g	215.803277122484	228.809538161639	167.862489728648	158.455418422152
CAGL0D02112g	80.4791226837992	76.3818428909632	61.4941794055445	59.4207819083071
CAGL0J01023g	45.1875370328295	47.8226494346646	58.1701697079475	58.0495330950385
CAGL0I04290g	98.7210571587937	95.4213051951622	112.600828506098	115.337261293817
CAGL0C03267g	308.682146116083	311.127213418029	158.305961848057	194.869692463397
CAGL0D01584g	46.6182769916526	50.0625861763351	22.0215642465801	27.2726152861204
CAGL0E01155g	79.0483827249761	84.5576119980604	124.234862447688	115.489622273069
CAGL0B03421g	30.4032241249908	29.4551681529667	48.6136418273561	44.4894059416043
CAGL0H01045g	29.6878541455793	30.1271491754679	37.8106103101658	36.8713569790008
CAGL0G08910g	40.7760888264582	41.9988139063214	33.6555981881696	33.2146934769511
CAGL0J10494g	61.4025898994912	50.7345671988363	17.4510509123842	17.0644296762318
CAGL0F06919g	111.716945118103	104.269055324761	52.3531527371527	63.9916112858692
CAGL0K05423g	59.0180233014527	57.3423805867642	44.8741309175595	47.2319035681415
CAGL0M12683g	134.370327799469	133.388232966477	122.988358811089	120.212812629883
CAGL0F00671g	218.187843720522	222.313721610795	237.251192165986	239.663820363505
CAGL0M11104g	253.9563426911	237.321297779987	317.027424908314	308.378622006189
CAGL0I05764g	63.1910148480201	66.1901307163625	90.9947654717178	98.729914555341
CAGL0L02387g	76.4253594671337	75.8218587055456	86.0087509253223	88.5217289454523
CAGL0A03014g	56.2757717137085	54.4304628225925	43.212126068761	40.3756595017984
CAGL0M01672g	40.5376321666544	45.0227285075765	25.3455739441771	25.9013664728518
CAGL0J05654g	83.936744250955	80.5257258630536	96.8117824425126	99.0346365138451
CAGL0A03388g	3338.9893789034	3555.33959321646	4673.97313603358	4444.82684772062
CAGL0H05159g	229.156850071499	234.745370527066	287.94234005434	275.163928529237
CAGL0A00583g	28.7340275063639	31.2471175463031	43.6276272809606	41.746908315067
CAGL0A00539g	74.6369345186049	74.9258840088774	82.6847412277253	84.4079825056465
CAGL0A02816g	81.1944926632107	75.1498776830444	55.2616612225501	56.2212013440136
CAGL0J11242g	131.866532871529	147.275840764834	83.9312448643242	85.4745093604109
CAGL0E01639g	70.5831713019394	63.8381971376085	41.5501212199625	42.9657961490836
CAGL0L09493g	7.74984144362511	6.15982603959381	15.7890460635857	15.2360979252069
CAGL0C00110g	205.788097410722	154.891625686513	2.49300727319775	1.67597077177276
CAGL0L01859g	76.1869028073299	80.41372902597	100.551293352309	96.9015828043162
CAGL0H02541g	45.3067653627314	46.4786873896623	34.4866006125689	36.5666350204967
CAGL0M06611g	70.8216279617433	67.7580864355319	49.860145463955	53.4787037174764
CAGL0J08294g	281.378858568542	236.537319920402	60.6631769811452	89.1311728624606
CAGL0L04378g	100.509482107323	79.7417480034689	15.7890460635857	18.8927614272566
CAGL0H00825g	17.1688795058772	19.9354370008672	29.916087278373	30.9292787881701
CAGL0I04114g	98.0056871793821	95.5333020322457	76.4522230447309	80.7513190035968
CAGL0D05808g	208.172664008761	208.202120138271	165.78498366765	176.434013973896
CAGL0F06897g	111.001575138692	121.068580887289	152.488944877262	150.685008480297
CAGL0J08635g	77.8560994259568	75.709861868462	67.3111963763392	67.1911918501626
CAGL0J06050g	1113.23491629427	991.060011352101	515.637004339734	595.274345937835
CAGL0F03905g	68.1986047039009	68.6540611322	58.1701697079475	60.1825868045674
CAGL0L12584g	53.4142917960623	50.6225703617527	67.3111963763392	71.1525773107164
CAGL0K02761g	86.3213108489935	81.6456942338888	62.3251818299437	65.5152210783899
CAGL0K02519g	11.6843763303886	11.983661567937	5.81701697079475	5.63735623232657
CAGL0L03377g	20.1495877534253	19.1514591412826	10.3875303049906	11.8841563816614
CAGL0L11572g	196.36905934847	218.057841801621	131.713884267281	121.736422422403
CAGL0E01859g	36.483868949989	29.0071808046326	5.40151575859512	7.16096602484726
CAGL0B02970g	83.5790592612492	84.3336183238934	12.4650363659887	30.9292787881701
CAGL0D01012g	81.6714059828184	80.9737132113877	88.0862569863204	89.1311728624606
CAGL0M05951g	28.9724841661677	27.3272282483798	8.72552545619212	13.25540519493
CAGL0G09713g	1442.90124847309	1501.76558845297	2284.84116588574	2080.48917168701
CAGL0L05786g	21.2226427225426	22.0633769054542	8.31002424399249	11.2747124646531
CAGL0L00429g	165.846606893577	194.538506014081	84.3467460765238	84.5603434848985
CAGL0H04169g	167.158118522498	164.63535051278	227.694664285394	211.781761160377
CAGL0L13392g	4.17299154656737	7.83977859584666	31.9935933393711	40.0709375432943
CAGL0M09405g	66.529408085274	64.0621908117756	55.2616612225501	54.2405086137367
CAGL0F06347g	161.315930357304	165.867315720699	141.685913360072	145.352374206474
CAGL0G03245g	163.104355305833	170.235192366956	103.875303049906	118.993924795866
CAGL0C02739g	138.424091016135	118.492653634368	36.1486054613674	52.2598158834598
CAGL0G02123g	116.605306644082	116.476710566865	105.537307898705	102.081856098887
CAGL0F02959g	70.4639429720375	68.8780548063671	60.6631769811452	61.7061965970881
CAGL0M09515g	54.4873467651796	56.7823964013465	42.7966248565613	44.9464888793605
CAGL0L09042g	91.3289007048743	93.6293558018258	105.537307898705	103.300743932903
CAGL0J09658g	28.0186575269523	26.7672440629622	19.1130557611827	20.1116492612732
CAGL0F05329g	141.404799263683	151.643717411091	191.130557611827	202.640102405252
CAGL0M06259g	114.339968375946	117.708675774783	77.2832254691302	86.9981191529317
CAGL0M13409g	69.8678013225279	67.0861054130307	79.7762327423279	79.075348231824
CAGL0B04213g	52.5796934867488	53.1984976146738	28.2540824295745	19.5022053442649
CAGL0M06545g	68.1986047039009	75.0378808459609	48.6136418273561	46.165376713377
CAGL0L02321g	24.4418076298946	30.9111270350526	4.9860145463955	6.24680014933485
CAGL0L07348g	96.574947220559	97.4372482626656	114.678334567096	110.309348978498
CAGL0I05984g	48.6451585999853	48.9426178054999	37.8106103101658	34.2812203317156
CAGL0K08338g	29.5686258156773	34.4950258217253	15.3735448513861	14.3219320496945
CAGL0C03740g	209.36494730778	205.290202374099	99.7202909279099	128.440305509495
CAGL0C03784g	72.9677378999779	80.0777385147195	103.459801837707	109.242822123734
CAGL0I07667g	107.901638561242	105.277026858512	123.819361235488	129.202110405755
CAGL0H01023g	35.6492706406755	34.4950258217253	41.9656224321621	41.746908315067
CAGL0G00176g	268.979112258742	271.592329927545	225.201657012197	237.07368371622
CAGL0C01749g	59.4949366210604	49.614598828001	100.551293352309	113.661290522044
CAGL0L02233g	103.013277035263	104.493048998928	118.833346689093	115.337261293817
CAGL0I10318g	75.4715328279183	69.4380389917847	96.3962812303129	93.2449193022665
CAGL0L13387r	8.94212474264435	13.2156267758558	1408.13360814453	1027.52244407596
CAGL0J02640g	98.124915509284	94.8613210097446	113.431830930498	110.309348978498
CAGL0E02255g	537.71976785768	531.760982472571	1369.49199540996	1141.94553949426
CAGL0M09449g	114.816881695553	107.628960437266	80.1917339545276	85.3221483811589
CAGL0I07909g	64.2640698171374	68.2060737838659	86.4242521375219	82.5796507546216
CAGL0E01705g	649.913626295392	885.558990819422	2.90850848539737	37.6331618752612
CAGL0J05434g	624.756448686085	607.358847503949	684.745997704982	674.502055148911
CAGL0E04004g	23.6072093205811	22.7353579279553	12.8805375781884	15.0837369459549
CAGL0H09218g	162.627441986225	165.867315720699	124.234862447688	109.395183102986
CAGL0I08591g	20.0303594235234	21.167402208786	5.81701697079475	9.4463807136283
CAGL0H08481g	88.705877447032	89.3734759926519	81.4382375911264	79.3800701903282
CAGL0L06776g	21.9380127019541	23.2953421133729	15.7890460635857	15.0837369459549
CAGL0D04378g	143.07399588231	126.668422741465	64.4026878909418	77.2470164807992
CAGL0J05412g	328.831733869508	336.998482784323	404.698180682434	386.082721424744
CAGL0D03014g	308.801374445985	319.862966710544	348.190015823286	349.516086404247
CAGL0K08316g	25.5148625990119	23.743329461707	42.7966248565613	38.2426057922694
CAGL0A02365g	313.808964301866	328.710716840142	272.153293990754	262.975050189072
CAGL0L12848g	81.3137209931127	82.541668930557	75.2057194081321	75.4186847297744
CAGL0M09427g	85.6059408695819	82.541668930557	60.2476757689456	66.1246649953981
CAGL0E00583g	63.0717865181182	57.5663742609312	37.8106103101658	41.4421863565629
CAGL0E02035g	150.466152336229	154.891625686513	137.530901238076	138.496130140131
CAGL0E05632g	101.701765406342	133.948217151894	9.14102666839174	20.4163712197773
CAGL0G08316g	70.9408562916452	66.9741085759472	87.6707557741208	84.1032605471423
CAGL0D03212g	95.9788055710494	95.6452988693293	81.8537388033261	85.4745093604109
CAGL0I06314g	84.5328859004646	82.6536657676405	71.0507072861358	73.7427139580016
CAGL0M03025g	19.3149894441118	22.8473547650388	8.72552545619212	9.4463807136283
CAGL0I05478g	89.0635624367378	85.7895772059792	76.4522230447309	76.0281286467826
CAGL0J00583g	179.557864832299	165.419328372365	120.910852750091	128.287944530242
CAGL0I07007g	114.697653365652	106.956979414765	69.804203649537	79.075348231824
CAGL0L10043g	88.2289641274243	88.4775012959837	72.2972109227347	66.1246649953981
CAGL0H07403g	395.83805527439	404.196585034437	468.685367361177	450.531415648369
CAGL0L05434g	209.484175637682	275.400222388385	15.3735448513861	43.5752400660919
CAGL0H03663g	55.5604017342969	57.2303837496806	17.0355497001846	28.1867811616328
CAGL0M03245g	151.300750645542	149.627774343588	134.206891540479	128.13558355099
CAGL0D01496g	79.0483827249761	69.7740295030353	46.9516369785576	45.7082937756208
CAGL0J04466g	107.067040251928	118.492653634368	63.156184254343	72.9809090617413
CAGL0M07876g	100.509482107323	101.245140723505	118.002344264693	113.35656856354
CAGL0D01650g	54.2488901053757	56.7823964013465	46.536135766358	46.165376713377
CAGL0I00462g	78.8099260651722	73.357928289708	96.8117824425126	93.7020022400227
CAGL0K04939g	107.424725241634	103.149086953925	59.832174556746	72.371465144733
CAGL0H00616g	74.9946195083106	73.0219377784575	81.8537388033261	81.6654848791092
CAGL0F00231g	1055.64763295164	1119.96837083524	892.912105016994	857.944674168403
CAGL0H09262g	7.86906977352703	7.61578492167961	2.49300727319775	2.59013664728518
CAGL0A00737g	8.34598309313473	10.0797153375171	1.6620048487985	2.13305370952897
CAGL0I06248g	70.8216279617433	70.8939978738705	90.1637630473186	84.7127044641506
CAGL0B03553g	169.423456790635	159.483496006938	240.159700651383	219.856893060736
CAGL0C00539g	127.097399675452	106.284998392264	50.6911478883542	56.983006240274
CAGL0D00506g	30.4032241249908	33.0390669396395	40.7191187955632	41.594547335815
CAGL0L08668g	24.0841226401888	23.6313326246235	18.6975545489831	18.2833175102483
CAGL0J07980g	42.683742104889	38.4149151196486	53.5996563737516	54.0881476344846
CAGL0J04312g	150.823837325935	144.699913511913	127.143370933085	129.506832364259
CAGL0F06693g	177.888668213672	188.042689463236	219.800141253601	213.914814869905
CAGL0F06325g	80.0022093641915	78.1737922842996	27.4230800051752	42.6610741905794
CAGL0I03520g	24.9187209495023	23.1833452762894	31.1625909149719	32.1481666221867
CAGL0E01287g	606.872199200797	612.846692521042	307.055395815523	397.357433889397
CAGL0L10670g	166.681205202891	161.387442237358	140.854910935673	133.163495866309
CAGL0B01188g	102.894048705361	90.4934443634872	131.713884267281	133.925300762569
CAGL0J00253g	88.3481924573262	101.805124908923	56.9236660713486	52.8692598004681
CAGL0I03850g	69.748572992626	69.4380389917847	75.2057194081321	74.656879833514
CAGL0K09878g	113.505370066632	102.477105931424	76.4522230447309	72.6761871032371
CAGL0G09515g	100.032568787715	106.17300155518	30.3315884905726	51.3456500079474
CAGL0G07689g	87.7520508078166	83.7736341384758	54.8461600103505	63.2298063896088
CAGL0K01221g	70.9408562916452	78.3977859584666	37.3951090979662	46.165376713377
CAGL0I05962g	130.316564582804	118.044666286034	83.5157436521246	88.8264509039565
CAGL0C02321g	90.6135307254628	115.244745358946	33.24009697597	33.5194154354553
CAGL0E04884g	166.681205202891	138.428090635235	71.4662084983354	73.7427139580016
CAGL0M12298g	121.016754850454	118.380656797285	105.952809110904	101.167690223374
CAGL0K06985g	29.0917124960696	29.6791618271338	38.6416127345651	36.4142740412446
CAGL0B02453g	163.700496955343	129.580340505637	32.8245957637704	48.9078743399143
CAGL0J03124g	182.419344749945	184.234797002397	204.842097614415	213.762453890653
CAGL0F07073g	4575.62561664616	4945.10834458591	5808.70694655075	5783.31805045005
CAGL0D03256g	69.8678013225279	69.5500358288682	81.0227363789268	78.0088213770595
CAGL0C03135g	52.4604651568469	54.2064691484255	60.2476757689456	61.0967526800798
CAGL0K00341g	20.9841860627388	21.0554053717025	15.7890460635857	16.1502638007194
CAGL0I07491g	99.0787421484994	91.8374064084895	118.002344264693	115.946705210825
CAGL0M12034g	4860.10441179216	5054.64125125359	5703.58513986425	5948.17263000079
CAGL0C02651g	54.4873467651796	52.5265165921726	39.888116371164	43.2705181075877
CAGL0M06501g	800.856691951228	862.5996392173	1151.76936021736	1072.01185001756
CAGL0K12474g	85.9636258592877	86.6855519026474	61.9096806177441	69.1718845804395
CAGL0I07183g	157.858308790148	170.123195529873	127.558872145285	130.268637260519
CAGL0L03432g	76.7830444568395	82.2056784193064	63.5716854665426	63.8392503066171
CAGL0M13189g	76.5445877970357	64.8461686713602	14.1270412147872	27.7296982238766
CAGL0M12474g	16.9304228460733	13.5516172871064	3.324009697597	4.72319035681415
CAGL0G09361g	213.418710524445	214.361946177864	148.333932755266	168.358882073537
CAGL0B00330g	88.705877447032	82.8776594418076	105.952809110904	102.996021974399
CAGL0F02387g	430.414270945948	537.808811675081	185.313540641033	190.451224065087
CAGL0D05214g	1041.45946169331	1121.42432971732	1561.03805423399	1433.10737084497
CAGL0K10890g	13.7112579387213	12.5436457533547	19.5285569733824	18.8927614272566
CAGL0G07601g	245.371902938161	285.143947214651	105.121806686505	139.105574057139
CAGL0K03641g	81.4329493230146	76.8298302392973	52.7686539493523	59.5731428875591
CAGL0I05896g	67.9601480440971	62.2702414184392	47.3671381907572	49.0602353191664
CAGL0C01551g	79.7637527043876	71.5659788963717	51.9376515249531	53.1739817589722
CAGL0M09823g	154.996828872502	161.163448563191	126.727869720886	114.575456397556
CAGL0C00451g	97.5287738597744	91.5014158972389	57.3391672835482	67.3435528294147
CAGL0M11308g	63.4294715078239	57.2303837496806	78.1142278935294	77.5517384393033
CAGL0A02926g	198.634397616607	193.642531317413	181.158528519036	182.071370206223
CAGL0M04191g	352.796628179795	315.60708690137	178.665521245839	213.762453890653
CAGL0M06523g	2575.09346922177	2783.34539519973	3231.76842848868	3282.31257602733
CAGL0F00539g	252.525602732277	261.960601938362	289.188843690939	284.000865325857
CAGL0H08305g	76.9022727867414	68.9900516434506	42.3811236443617	48.6031523814101
CAGL0J02134g	41.3722304759679	37.5189404229804	28.2540824295745	27.4249762653725
CAGL0I05016g	282.332685207758	350.662096908513	507.742481307941	496.392070403242
CAGL0D00924g	88.705877447032	91.8374064084895	102.213298201108	100.253524347862
CAGL0A01540g	1549.25291874561	1696.08010079288	2172.24033737964	2060.37752242573
CAGL0M13915g	95.5018922514417	97.5492450997492	103.875303049906	105.129075683928
CAGL0K05379g	227.36842512297	222.649712122045	174.095007911643	189.537058189574
CAGL0B03465g	20.7457294029349	19.7114433267002	12.8805375781884	10.3605465891407
CAGL0M06325g	13.4728012789175	14.8955793321087	6.648019395194	7.92277092110761
CAGL0L03179g	74.6369345186049	80.8617163743041	59.832174556746	60.9443917008278
CAGL0H03905g	642.283013181668	697.96428870452	1003.01992624989	909.899768093359
CAGL0J08459g	117.08221996369	127.340403763966	94.7342763815144	94.7685290947872
CAGL0L06886g	2336.99449440763	2500.21739105258	2932.19205449275	2855.70183412154
CAGL0B03927g	219.141670359738	217.273863942036	249.300727319775	239.663820363505
CAGL0J11858g	201.734334194057	191.96257876116	239.328698226984	229.150912795112
CAGL0M13849g	575.395920106689	643.645822719011	855.932497131227	806.446663181203
CAGL0J05676g	66.8870930749798	70.5580073626199	79.3607315301283	80.9036799828489
CAGL0I10246g	5.48450317548854	5.15185450584209	10.8030315171902	10.0558246306366
CAGL0A04323g	100.867167097028	107.516963600183	79.3607315301283	70.5431333937081
CAGL0K03135g	1846.1314602014	2010.6792161605	2842.44379265763	2589.67956434742
CAGL0E03355g	65.0986681264509	58.0143616092653	42.7966248565613	40.8327424395546
CAGL0J00165g	2940.52830037117	3293.93897546352	4388.52380325244	4130.04906458585
CAGL0M08866g	55.2027167445911	55.9984185417619	33.24009697597	40.2232985225463
CAGL0G07425g	203.284302482782	208.650107486605	191.130557611827	188.622892314062
CAGL0E03025g	152.37380561466	171.019170226541	98.4737872913111	110.156987999246
CAGL0K06479g	80.717579343603	82.9896562788911	73.9592157715332	74.5045188542619
CAGL0J00561g	346.358298365091	357.829894481858	684.745997704982	842.860937222448
CAGL0K10604g	48.5259302700834	62.9422224409403	12.0495351537891	17.9785955517442
CAGL0J10076g	118.274503262709	107.516963600183	77.6987266813298	83.6461776093861
CAGL0L09086g	23.6072093205811	22.7353579279553	12.8805375781884	15.6931808629632
CAGL0K05775g	47.9297886205737	51.742538732588	37.3951090979662	39.0044106885298
CAGL0G09064g	16.5727378563675	15.4555635175263	9.97202909279099	10.6652685476449
CAGL0I03190g	473.455698040543	469.154750542881	343.61950248909	384.863833590727
CAGL0B01078g	12.638202969604	12.3196520791876	6.23251818299437	7.4656879833514
CAGL0M09295g	67.6024630543913	69.1020484805341	61.9096806177441	60.3349477838195
CAGL0C03509g	118.870644912219	109.420909830603	89.7482618351189	88.8264509039565
CAGL0K06061g	812.064154962009	913.78219376447	1487.90984088686	1306.800119045
CAGL0K04323g	18.8380761245041	17.9194939333638	12.4650363659887	13.25540519493
CAGL0H10142g	564.665370415515	758.442580729623	1236.53160750608	1158.40052525348
CAGL0C04939g	29.5686258156773	23.743329461707	11.2185327293899	9.14165875512417
CAGL0L06292g	64.860211466647	61.0382762105204	39.0571139467647	45.8606547548729
CAGL0M03839g	56.0373150539046	53.6464849630079	34.9021018247685	40.8327424395546
CAGL0I08745g	71.0600846215471	81.3097037226382	49.860145463955	49.3649572776705
CAGL0H08283g	181.346289780827	163.963369490279	240.990703075782	225.037166355307
CAGL0K08668g	7.15369979411548	6.6078133879279	0	1.52360979252069
CAGL0D00418g	233.210613288165	221.753737425377	106.368310323104	144.742930289466
CAGL0D05368g	43.8760254039083	39.3108898163168	27.0075787929756	29.1009470371453
CAGL0D03036g	98.244143839186	92.2853937568236	79.7762327423279	78.6182652940678
CAGL0L04598g	104.563245323988	82.6536657676405	34.4866006125689	38.8520497092777
CAGL0F01947g	535.573657919446	552.928384681357	365.22556552347	422.039912528232
CAGL0E05434g	70.3447146421356	70.2220168513694	103.459801837707	92.6354753852582
CAGL0I10211g	16.5727378563675	17.8074970962803	22.8525666709794	22.5494249293063
CAGL0K03553g	60.4487632602758	69.9980231772023	92.6567703205163	89.4358948209647
CAGL0E04554g	32.1916490735197	43.3427759513237	2.90850848539737	8.68457581736796
CAGL0F09207g	423.856712801342	492.450092656254	631.977343755629	662.313176808746
CAGL0H09680g	94.1903806225205	96.2052830547469	88.5017581985201	88.3693679662003
CAGL0M06149g	28.2571141867562	35.502997355477	75.6212206203317	62.7727234518526
CAGL0D05148g	44.1144820637121	44.5747411592424	73.5437145593336	63.9916112858692
CAGL0G03509g	80.5983510137011	83.5496404643087	94.7342763815144	91.8736704889979
CAGL0G09020g	81.6714059828184	77.1658207505479	34.9021018247685	49.0602353191664
CAGL0C02497g	53.0566068063565	52.5265165921726	62.7406830421433	59.8778648460633
CAGL0C02035g	257.533192588157	262.968573472114	284.618330356743	294.970855832006
CAGL0K06033g	128.408911304373	152.763685781926	233.096180043989	211.32467822262
CAGL0E03674g	38.033837238714	28.223202945048	73.128213347134	63.2298063896088
CAGL0H00638g	29.8070824754812	29.7911586642173	34.4866006125689	34.1288593524636
CAGL0H00682g	112.074630107809	100.013175515587	49.0291430395557	64.6010552028774
CAGL0M03707g	112.432315097515	112.332827594774	118.417845476893	117.165593044841
CAGL0I00264g	38.3915222284198	31.8071017317207	68.1421988007385	58.9636989705509
CAGL0L03982g	51.7450951774353	48.1586399459152	15.3735448513861	26.358449410608
CAGL0F08547g	2091.98027645917	2306.12687238684	2741.89249930532	2854.02586334976
CAGL0D03894g	64.1448414872355	72.6859472672069	20.3595593977816	34.4335813109677
CAGL0I05830g	92.5211840038936	94.6373273355776	78.9452303179287	72.2191041654809
CAGL0L05962g	206.503467390134	208.762104323688	216.060630343805	218.790366205972
CAGL0H09636g	86.0828541891896	88.4775012959837	61.0786781933448	69.4766065389437
CAGL0L01771g	58.8987949715508	45.6947095300777	19.944058185582	15.8455418422152
CAGL0K08954g	56.1565433838065	60.0303046767687	68.9732012251377	68.4100796841792
CAGL0E05940g	200.06513757543	214.137952503697	147.502930330867	163.026247799714
CAGL0J05874g	32.5493340632254	30.1271491754679	23.6835690953786	24.073034721827
CAGL0K06149g	2208.70481143316	2373.21297779987	3069.72295573083	2852.6546145365
CAGL0H03025g	48.5259302700834	53.9824754742584	65.2336903153411	67.3435528294147
CAGL0L04136g	45.902907012241	46.8146779009129	52.3531527371527	54.3928695929888
CAGL0L04290g	53.1758351362584	52.9745039405067	46.536135766358	43.879962024596
CAGL0H09306g	54.8450317548854	51.6305418955044	64.4026878909418	62.4680014933485
CAGL0H09372g	569.792188601298	609.486787408536	841.80545591644	764.090310949128
CAGL0F07865g	9.77672305195783	9.18374064084895	14.5425424269869	15.9979028214673
CAGL0I05390g	119.109101572023	113.116805454359	85.5932497131227	94.311446157031
CAGL0F01265g	222.122378607286	213.129980969946	90.9947654717178	133.315856845561
CAGL0C02365g	7.86906977352703	8.17576910709723	2.90850848539737	3.65666350204967
CAGL0J01353g	124.593604747511	132.044270921474	84.3467460765238	97.6633877005765
CAGL0L09581g	96.3364905607552	78.5097827955501	133.37588911608	129.811554322763
CAGL0C02013g	135.085697778881	146.603859742333	78.9452303179287	97.3586657420724
CAGL0M10043g	75.948446147526	78.6217796326337	61.0786781933448	65.819943036894
CAGL0G01430g	144.027822521525	136.188153893565	170.355497001846	162.873886820462
CAGL0L04268g	82.6252326220338	72.6859472672069	38.2261115223655	48.298430422906
CAGL0H08954g	47.0951903112603	50.3985766875857	37.3951090979662	39.461493626286
CAGL0L00205g	2.02688160833272	0.559984185417619	17.0355497001846	12.0365173609135
CAGL0H05181g	17.0496511759752	17.0235192366956	9.55652788059137	11.5794344231573
CAGL0D05082g	170.019598440145	140.668027376906	46.1206345541583	73.1332700409933
CAGL0L02541g	26.3494609083254	25.1992883437928	31.5780921271715	30.776917808918
CAGL0K01727g	111.359260128398	104.381052161844	86.0087509253223	77.8564603978075
CAGL0J03762g	68.9139746833125	70.3340136884529	57.3391672835482	51.3456500079474
CAGL0K01595g	296.759313125891	299.591539198426	221.4621461024	247.891313243117
CAGL0J06930g	221.76469361758	214.585939852031	254.70224307837	243.929927782563
CAGL0I06710g	13.9497145985252	13.5516172871064	19.5285569733824	21.7876200330459
CAGL0H08888g	25.39563426911	21.167402208786	6.23251818299437	10.5129075683928
CAGL0H02387g	109.213150190163	85.3415898576451	16.620048487985	34.8906642487239
CAGL0B02860g	111.120803468594	111.324856061023	33.6555981881696	60.6396697423236
CAGL0G09977g	214.849450483268	210.442056879941	74.7902181959325	122.650588297916
CAGL0E01089g	41.7299154656736	39.0868961421498	29.0850848539737	31.8434446636825
CAGL0D00792g	70.5831713019394	69.1020484805341	77.6987266813298	75.8757676675306
CAGL0K05731g	133.654957820058	133.16423929231	164.953981243251	154.036950023842
CAGL0F07095g	208.053435678859	236.649316757486	156.228455787059	147.180705957499
CAGL0M03223g	417.895296306246	441.603528620334	514.806001915335	493.801933755957
CAGL0K04719g	36.364640620087	34.1590353104747	26.592077580776	28.3391421408849
CAGL0I07837g	12.1612896499963	10.9756900341853	4.15501212199625	5.94207819083071
CAGL0M09669g	43.0414270945948	45.3587190188271	27.0075787929756	32.4528885806908
CAGL0G03531g	12.0420613200944	10.7516963600183	6.23251818299437	5.18027329457036
CAGL0E05566g	79.167611054878	90.9414317118213	38.6416127345651	51.0409280494433
CAGL0F08107g	576.468975075806	675.564921287815	227.694664285394	336.413042188569
CAGL0A03058g	115.889936664671	119.388628331036	81.4382375911264	93.7020022400227
CAGL0G05940g	1991.23233769204	2125.69996784528	3075.12447148942	2737.62207520118
CAGL0L02475g	1224.47494809277	1181.56663123118	2061.71701493454	1760.37875427841
CAGL0K01397g	46.0221353421429	44.686737996326	37.8106103101658	39.6138546055381
CAGL0E06270g	138.304862686233	146.155872393998	121.74185517449	115.489622273069
CAGL0G10131g	451.636913668491	468.48276952038	360.655052189274	392.481882553331
CAGL0H06732g	41.3722304759679	39.5348834904839	31.9935933393711	33.9764983732115
CAGL0G09691g	153.089175594071	158.251530799019	197.363075794822	219.552171102232
CAGL0D02398g	71.179312951449	73.4699251267916	63.5716854665426	65.3628600991378
CAGL0M03003g	2.38456659803849	2.57592725292105	6.648019395194	6.55152210783899
CAGL0H10252g	97.6480021896763	104.829039510178	118.002344264693	120.669895567639
CAGL0M08426g	63.0717865181182	56.446405890096	42.3811236443617	44.3370449623522
CAGL0D02134g	18.4803911347983	20.2714275121178	4.9860145463955	9.59874169288037
CAGL0F08195g	2.62302325784234	2.351933578754	37.8106103101658	25.2919225558435
CAGL0I04752g	352.796628179795	342.486327801416	425.057740080216	399.03340466117
CAGL0C04048g	166.800433532793	175.387046872798	206.504102463213	196.54566323517
CAGL0E01661g	28.1378858568542	31.0231238721361	22.0215642465801	21.1781761160377
CAGL0G04059g	92.8788689935994	96.653270403081	84.7622472887234	85.4745093604109
CAGL0D01408g	499.209017299359	501.297842785852	557.187125559697	589.0275457885
CAGL0L07634g	45.4259936926333	48.1586399459152	39.4726151589643	38.2426057922694
CAGL0M08118g	2602.63521342911	2846.06362396651	3391.32089397334	3278.96063448379
CAGL0M07469g	60.3295349303739	60.4782920251028	54.0151575859512	51.0409280494433
CAGL0B01947g	162.26975699652	151.755714248175	247.638722470976	297.40863150004
CAGL0F03421g	33.1454757127351	31.3591143833866	39.0571139467647	37.9378838337653
CAGL0E04642g	75.4715328279183	72.7979441042904	57.7546684957478	62.9250844311047
CAGL0E02893g	57.4680550127277	61.374266721771	48.6136418273561	45.0988498586126
CAGL0H06127g	162.031300336716	169.563211344455	251.378233380773	221.228141874005
CAGL0I01518g	65.5755814460586	60.1423015138522	47.3671381907572	49.9744011946788
CAGL0G08668g	92.4019556739917	88.9254886443178	107.199312747503	115.489622273069
CAGL0G06490g	1859.72348981022	2082.69318240521	2462.26018349498	2525.5355920823
CAGL0I04686g	784.403182424763	824.072727260568	622.420815875038	678.311079630213
CAGL0H01859g	26.4686892382273	26.8792409000457	19.944058185582	21.7876200330459
CAGL0J10758g	239.410486443065	247.401013117504	201.102586704618	214.676619766166
CAGL0G02882r	2.14610993823464	1.45595888208581	7.06352060739362	6.09443917008278
CAGL0A04301g	123.401321448492	119.164634656869	52.3531527371527	77.2470164807992
CAGL0M07249g	47.0951903112603	52.7505102663397	36.9796078857666	35.043025227976
CAGL0E02079g	100.867167097028	102.365109094341	130.882881842882	120.365173609135
CAGL0C04873g	105.397843633301	97.8852356109997	137.530901238076	126.307251799966
CAGL0F09031g	4751.60663158141	5110.19168244702	5739.73374532562	5934.30778088885
CAGL0F07667g	62.7141015284124	62.3822382555227	57.7546684957478	55.9164793855095
CAGL0D05742g	307.370634487162	305.191381052602	350.267521884284	334.27998847904
CAGL0J06374g	670.540127368425	775.130109455068	949.004768663943	978.919291694546
CAGL0J09130g	54.0104334455719	53.0865007775902	45.7051333419587	41.746908315067
CAGL0G02101g	687.232093554694	560.768163277203	200.271584280219	308.988065923197
CAGL0L06248g	118.155274932807	102.365109094341	68.1421988007385	75.2663237505223
CAGL0J10450g	87.8712791377185	91.8374064084895	73.5437145593336	78.1611823563116
CAGL0M04807g	167.158118522498	155.563606709014	203.595593977816	191.974833857607
CAGL0B03619g	115.532251674965	106.956979414765	39.888116371164	65.0581381406336
CAGL0L00781g	61.4025898994912	61.0382762105204	57.3391672835482	56.983006240274
CAGL0B04345g	687.828235204204	732.683308200412	811.473867425867	807.360829056716
CAGL0I07139g	436.971829090554	440.595557086582	141.685913360072	251.700337724419
CAGL0B02882g	49.122071919593	77.0538239134643	0.831002424399249	2.13305370952897
CAGL0B04323g	135.562611098488	140.108043191488	56.0926636469493	86.0839532774192
CAGL0F02849g	96.8134038803629	103.037090116842	127.143370933085	118.841563816614
CAGL0L08074g	113.743826726436	118.604650471452	79.7762327423279	92.4831144060061
CAGL0M14025g	401.084101790075	460.978981435784	190.715056399628	262.365606272064
CAGL0K05467g	100.271025447519	97.4372482626656	127.558872145285	117.317954024093
CAGL0L10362g	150.585380666131	155.787600383182	112.185327293899	126.61197375847
CAGL0E02145g	25.6340909289138	27.7752155967139	19.1130557611827	20.5687321990294
CAGL0G04807g	52.5796934867488	58.9103363059335	41.5501212199625	41.1374643980587
CAGL0H08602g	48.5259302700834	45.9187032042447	39.888116371164	37.6331618752612
CAGL0J09416g	49.5989852392007	59.5823173284346	25.7610751563767	31.8434446636825
CAGL0I06204g	208.172664008761	220.521772217458	254.28674186617	244.234649741067
CAGL0B04609g	59.0180233014527	60.7022856992699	66.0646927397403	68.4100796841792
CAGL0B01287g	35.7684989705774	38.1909214454816	46.9516369785576	44.3370449623522
CAGL0I06402g	128.885824623981	131.26029306189	88.9172594107197	104.062548829163
CAGL0K05137g	55.0834884146892	50.1745830134186	34.4866006125689	39.461493626286
CAGL0F04499g	423.73748447144	503.201789016272	228.110165497594	282.020172595581
CAGL0L08110g	1186.32188252415	1244.6208505092	2067.53403190533	1752.60834433655
CAGL0K01639g	61.9987315490009	54.2064691484255	36.9796078857666	40.8327424395546
CAGL0F07755g	31.3570507642062	30.0151523383844	42.7966248565613	38.6996887300256
CAGL0F04257g	437.806427399868	439.475588715747	430.874757051011	432.857542055129
CAGL0F04015g	36.1261839602832	37.630937260064	31.5780921271715	31.9958056429346
CAGL0G05544g	100.509482107323	79.4057574922183	34.9021018247685	44.6417669208563
CAGL0F01705g	672.209323987052	712.859868036629	778.233770449897	782.830711397133
CAGL0D04642g	37.0800105994986	33.151063776723	44.8741309175595	47.8413474851498
CAGL0H05027g	40.4184038367525	37.7429340971475	47.3671381907572	50.7362060909391
CAGL0F04125g	26.8263742279331	29.4551681529667	17.8665521245839	20.5687321990294
CAGL0G04389g	53.2950634661603	54.5424596596761	48.6136418273561	46.6224596511332
CAGL0D04092g	448.417748761139	547.328542827181	98.4737872913111	221.837585791013
CAGL0L03113g	68.3178330338029	69.7740295030353	74.3747169837328	76.1804896260347
CAGL0G01364g	568.838361962083	598.735091048518	708.42956680036	669.321781854341
CAGL0G08173g	3941.09244490812	4270.66339166893	5876.43364413929	5272.14696505936
CAGL0H04147g	2.26533826813657	2.46393041583752	6.23251818299437	6.09443917008278
CAGL0H03619g	101.701765406342	133.276236129393	31.9935933393711	49.5173182569226
CAGL0K12034g	321.558805745491	403.412607174852	160.798969121255	192.279555816112
CAGL0G09262g	43.1606554244967	47.03867157508	36.1486054613674	35.9571911034884
CAGL0G01606g	102.774820375459	106.061004718097	96.3962812303129	94.311446157031
CAGL0B01463g	117.201448293592	119.50062516812	125.896867296486	124.478920048941
CAGL0I07227g	1038.95566676537	1080.99347153017	446.663803114597	678.158718650961
CAGL0C04609g	80.9560360034069	77.9497986101325	27.4230800051752	47.0795425888895
CAGL0L10582g	135.920296088194	120.060609353537	74.3747169837328	89.2835338417127
CAGL0K03421g	68.4370613637048	45.3587190188271	5.81701697079475	9.29401973437623
CAGL0L08932g	1123.60778099574	1121.31233288024	578.377687381878	787.096818816191
CAGL0F04741g	104.801701983792	101.469134397673	55.6771624347497	73.5903529787495
CAGL0I09702g	22.8918393411695	21.9513800683706	31.1625909149719	36.1095520827405
CAGL0D05698g	32.0724207436177	33.2630606138066	27.8385812173749	26.2060884313559
CAGL0D06402g	448.894662080747	471.282690447468	104.290804262106	239.663820363505
CAGL0J09548g	120.062928211238	118.268659960201	127.143370933085	131.182803136032
CAGL0E04708g	23.726437650483	25.4232820179599	16.2045472757854	18.5880394687525
CAGL0G03421g	40.5376321666544	35.8389878667276	62.7406830421433	54.3928695929888
CAGL0F00517g	356.731163066559	352.678039976016	270.491289141956	302.741265773862
CAGL0L03762g	26.4686892382273	26.5432503887951	22.8525666709794	22.0923419915501
CAGL0J11594g	73.6831078793895	78.6217796326337	87.2552545619212	86.9981191529317
CAGL0A02189g	498.970560639555	559.872188580535	671.865460126793	653.01915707437
CAGL0L05676g	208.053435678859	251.320902415427	115.509336991496	138.800852098635
CAGL0F05863g	605.679915901778	785.99380265217	288.35784126654	330.775685956243
CAGL0B02563g	150.227695676425	122.076552421041	45.2896321297591	70.238411435204
CAGL0M12551g	10.3728647014674	7.83977859584666	0.415501212199625	2.43777566803311
CAGL0B03289g	53.6527484558661	55.7744248675948	47.3671381907572	48.9078743399143
CAGL0J06314g	225.103086854834	215.705908222867	177.00351639704	151.751535335061
CAGL0D00990g	20.8649577328368	21.0554053717025	16.2045472757854	14.0172100911904
CAGL0F08305g	73.4446512195856	69.6620326659518	57.7546684957478	50.431484132435
CAGL0F01815g	34.2185306818524	30.799130197969	19.944058185582	23.4635908048187
CAGL0H05533g	133.893414479861	156.459581405683	212.736620646208	195.479136380405
CAGL0F03883g	194.699862729843	189.946635693656	222.708649738999	211.781761160377
CAGL0L06028g	147.127759098975	127.228406926883	91.4102666839174	97.0539437835682
CAGL0E01991g	2220.86610108315	2391.02047489615	3061.82843269903	2809.23173544966
CAGL0E02805g	57.5872833426296	59.2463268171841	51.5221503127535	53.1739817589722
CAGL0K00803g	469.163478164074	456.835098463693	331.154466123101	381.35953106793
CAGL0D03300g	105.993985282811	105.613017369763	136.284397601477	124.478920048941
CAGL0L08712g	31.4762790941081	27.3272282483798	20.3595593977816	19.654566323517
CAGL0C01199g	79.2868393847799	85.6775803688957	101.382295776708	110.766431916254
CAGL0G01562g	14.4266279181329	16.463535051278	9.14102666839174	10.0558246306366
CAGL0K09834g	144.147050851427	151.979707922342	164.122978818852	167.13999423952
CAGL0C00363g	130.435792912706	139.436062168987	116.340339415895	111.985319750271
CAGL0K04235g	344.569873416562	326.246786424305	218.553637617003	261.451440396551
CAGL0L04928g	192.553752791608	205.9621833966	234.342683680588	227.017859085583
CAGL0M05841g	146.770074109269	176.283021569466	83.9312448643242	100.558246306366
CAGL0K01771g	10.3728647014674	7.27979441042904	25.7610751563767	35.9571911034884
CAGL0J09108g	153.566088913679	144.587916674829	130.882881842882	129.811554322763
CAGL0A04697g	144.147050851427	139.884049517321	64.4026878909418	94.7685290947872
CAGL0J04048g	23.726437650483	22.9593516021224	38.2261115223655	47.6889865058977
CAGL0G06094g	72.848509570076	72.5739504301234	33.24009697597	48.7555133606622
CAGL0J04004g	59.0180233014527	39.7588771646509	7.47902181959325	11.2747124646531
CAGL0F07777g	110.88234680879	74.3658998234598	16.2045472757854	19.9592882820211
CAGL0I04532g	185.400052997493	186.362736906983	211.074615797409	201.268853591984
CAGL0A04477g	55.9180867240027	58.3503521205159	45.7051333419587	49.3649572776705
CAGL0K04521g	47.2144186411622	42.8947886029896	32.4090945515707	35.3477471864801
CAGL0D00484g	592.326342952762	645.325775275264	512.728495854337	510.256919515181
CAGL0I08437g	75.5907611578203	77.9497986101325	69.3887024373373	70.8478553522123
CAGL0L02365g	210.914915596505	219.849791194957	258.857255200366	243.625205824059
CAGL0I06094g	76.1869028073299	66.1901307163625	38.6416127345651	47.9937084644019
CAGL0H04499g	33.5031607024408	35.9509847038111	24.5145715197779	27.5773372446246
CAGL0J10802g	115.770708334769	139.996046354405	199.85608306802	180.700121392954
CAGL0I10747g	377.23843580969	529.073058382566	145.425424269869	148.247232812264
CAGL0G03091g	678.409197141952	756.874625010453	907.45464744398	873.18077209361
CAGL0K06853g	180.392463141612	156.571578242766	119.248847901292	121.126978505395
CAGL0C01771g	38.1530655686159	38.4149151196486	16.2045472757854	24.8348396180873
CAGL0L05940g	81.4329493230146	82.8776594418076	88.5017581985201	91.7213095097458
CAGL0L10015g	100.98639542693	114.796758010612	146.671927906468	137.124881326862
CAGL0B03773g	357.804218035676	392.436917140667	297.498867934931	307.464456130676
CAGL0L08008g	148.6777273877	155.339613034847	204.842097614415	238.902015467245
CAGL0D02266g	39.583805527439	44.4627443221589	27.0075787929756	30.9292787881701
CAGL0K03685g	25.9917759186196	29.3431713158832	40.7191187955632	36.7189959997487
CAGL0J03608g	69.748572992626	68.3180706209495	75.2057194081321	78.3135433355637
CAGL0K11748g	2476.25318373307	2733.50680269756	3121.66060725578	3119.74341116537
CAGL0D00616g	1819.66277096317	1995.22365264298	2690.37034899257	2419.33998954361
CAGL0J09812g	342.662220138132	310.119241884277	116.340339415895	195.022053442649
CAGL0G03927g	34.2185306818524	44.3507474850754	62.7406830421433	72.523826123985
CAGL0L13046g	51.7450951774353	56.1104153788454	43.212126068761	44.7941279001084
CAGL0G02057g	28.49557084656	23.4073389504565	8.31002424399249	13.5601271534342
CAGL0B04917g	47.452875300966	38.3029182825651	23.6835690953786	24.6824786388352
CAGL0L06842g	60.0910782705701	59.022333143017	76.4522230447309	69.9336894766999
CAGL0F04895g	364.24254785038	328.486723165975	98.0582860791114	192.584277774616
CAGL0E03762g	58.1834249921393	70.5580073626199	39.888116371164	39.3091326470339
CAGL0F02519g	43.5183404142025	42.4468012546555	48.1981406151565	47.0795425888895
CAGL0J07436g	122.328266479375	128.684365808969	149.995937604065	164.702218571487
CAGL0G00946g	77.4984144362511	74.4778966605433	95.9807800181133	88.5217289454523
CAGL0C01397g	29.4493974857754	23.51933578754	12.4650363659887	14.6266540081987
CAGL0L10868g	257.771649247961	294.215691018417	511.481992217738	421.88755154898
CAGL0D01958g	692.478140070379	864.83957595897	302.900383693526	424.020605258509
CAGL0F05137g	11.2074630107809	8.17576910709723	2.90850848539737	1.37124881326862
CAGL0K08580g	42.3260571151833	43.9027601367413	55.6771624347497	51.0409280494433
CAGL0A04433g	344.45064508666	337.110479621406	163.291976394453	234.940630006691
CAGL0G08822g	90.1366174058551	93.6293558018258	100.13579214011	99.3393584723493
CAGL0I02376g	28.2571141867562	31.4711112204702	41.9656224321621	38.2426057922694
CAGL0M04873g	1596.82502237648	1688.91230321954	2352.15236226208	2075.30889839244
CAGL0J08206g	53.5335201259642	49.2786083167504	60.6631769811452	63.686889327365
CAGL0J04840g	40.2991755068506	43.6787664625743	49.860145463955	52.716898821216
CAGL0I06512g	103.490190354871	104.829039510178	132.54488669168	121.126978505395
CAGL0G02673g	728.842780690466	734.251263919582	322.844441879108	489.688187316151
CAGL0M06083g	811.4680133125	872.343364043566	1032.93601352827	975.872072109505
CAGL0K08382g	1774.71369059015	1986.03991200213	2423.61857076041	2296.68940124569
CAGL0J03883r	5.36527484558661	6.04782920251028	44.8741309175595	28.9485860578932
CAGL0M06831g	73.3254228896837	78.3977859584666	65.6491915275407	65.0581381406336
CAGL0K06215g	186.353879636708	189.498648345322	256.364247927168	228.541468878104
CAGL0D05434g	363.050264551361	403.188613500685	215.645129131605	109.395183102986
CAGL0L10934g	64.1448414872355	62.0462477442722	55.2616612225501	50.8885670701912
CAGL0C05115g	62.8333298583143	67.5340927613648	48.6136418273561	53.7834256759805
CAGL0F01683g	1354.43382768586	1428.63165383743	2011.02586704618	1765.86374953148
CAGL0M09339g	39.9414905171448	38.5269119567322	34.9021018247685	33.8241373939594
CAGL0L11110g	196.96520099798	183.898806491146	162.876475182253	165.768745426252
CAGL0F00253g	218.66475704013	291.751760602579	479.903900090567	413.05061475236
CAGL0J11550g	21.2226427225426	14.2235983096075	4.15501212199625	3.19958056429346
CAGL0B02013g	32.4301057333235	34.7190194958924	27.4230800051752	28.1867811616328
CAGL0D01265g	15.857367876956	10.1917121746007	1.6620048487985	1.52360979252069
CAGL0H04389g	40.2991755068506	37.2949467488134	31.5780921271715	32.3005276014387
CAGL0L11000g	104.68247365389	106.061004718097	94.3187751693148	86.9981191529317
CAGL0A03630g	44.9490803730256	42.8947886029896	49.0291430395557	50.2791231531829
CAGL0K07458g	49.0028435896911	61.374266721771	22.4370654587797	30.624556829666
CAGL0K04257g	11.9228329901925	18.3674812816979	2.49300727319775	2.13305370952897
CAGL0C05027g	80.9560360034069	51.0705577100868	4.9860145463955	10.5129075683928
CAGL0K09768g	207.338065699447	208.538110649521	216.476131556004	221.989946770265
CAGL0F07051g	65.0986681264509	60.8142825363534	52.7686539493523	54.3928695929888
CAGL0K10824g	11.3266913406828	10.5277026858512	7.06352060739362	7.31332700409933
CAGL0H06435g	25.7533192588157	22.6233610908718	33.6555981881696	31.2340007466742
CAGL0K05291g	119.466786561729	120.508596701872	123.819361235488	124.021837111185
CAGL0F00627g	138.543319346037	145.483891371497	179.912024882437	165.464023467747
CAGL0A04455g	135.801067758292	122.748533443542	103.459801837707	104.824353725424
CAGL0B04301g	83.2213742715435	89.0374854814014	56.508164859149	67.6482747879188
CAGL0G08712g	686.278266915479	699.420247586606	348.190015823286	491.668880046428
CAGL0D06688g	1413.80953597702	1900.02634112198	371.458083706464	706.497860791846
CAGL0M00858g	174.66950330632	178.29896463697	211.490117009609	197.30746813143
CAGL0D01474g	13.8304862686233	12.5436457533547	5.81701697079475	8.22749287961175
CAGL0E05302g	49.4797569092988	45.1347253446601	33.24009697597	37.4808008960091
CAGL0D02018g	32.4301057333235	33.7110479621406	29.0850848539737	28.3391421408849
CAGL0L03916g	64.5025264769413	48.8306209684163	23.6835690953786	28.0344201823808
CAGL0E05456g	60.8064482499816	66.7501149017802	26.1765763685764	40.9851034188067
CAGL0H05357g	39.583805527439	41.4388297209038	31.5780921271715	34.5859422902198
CAGL0H00418g	77.9753277558588	60.5902888621863	36.9796078857666	35.9571911034884
CAGL0M02640r	1.19228329901925	1.23196520791876	4.9860145463955	4.41846839831001
CAGL0G05335g	273.032875475408	262.632582960863	128.805375781884	186.642199583785
CAGL0G07711g	328.235592219999	297.239605619672	243.48371034898	256.271167101981
CAGL0M03685g	60.5679915901778	59.2463268171841	67.7266975885388	65.0581381406336
CAGL0I03102g	157.619852130344	165.083337861114	192.377061248426	181.157204330711
CAGL0D05786g	22.176469361758	24.7513009954587	34.9021018247685	30.9292787881701
CAGL0H01199g	86.5597675087973	74.3658998234598	103.875303049906	111.832958771019
CAGL0C03487g	48.0490169504757	51.8545355696715	40.7191187955632	42.3563522320753
CAGL0G00550g	37.5569239191063	33.9350416363077	27.4230800051752	28.491503120137
CAGL0K01683g	338.131543601858	361.637786942698	182.405032155635	250.024366952646
CAGL0H07579g	933.438594802168	993.747935442106	1086.95117111422	1072.01185001756
CAGL0F00583g	127.574312995059	136.188153893565	113.847332142697	116.099066190077
CAGL0G05291g	164.058181945048	161.947426422775	157.890460635857	157.845974505144
CAGL0K08514g	150.108467346523	143.131957792743	225.617158224396	192.736638753868
CAGL0D06644g	51.5066385176315	49.0546146425834	56.0926636469493	55.7641184062574
CAGL0J05918g	191.719154482295	200.026351031173	178.665521245839	180.700121392954
CAGL0M13563g	68.5562896936067	71.5659788963717	85.1777485009231	79.5324311695802
CAGL0H02233g	68.079376373999	65.1821591826108	60.2476757689456	58.0495330950385
CAGL0K04389g	106.590126932321	102.813096442675	112.600828506098	115.489622273069
CAGL0H09416g	129.243509613686	128.236378460635	87.6707557741208	105.129075683928
CAGL0B02838g	97.0518605401667	116.476710566865	59.832174556746	71.0002163314644
CAGL0K04631g	16.6919661862695	20.4954211862848	8.72552545619212	10.969990506149
CAGL0E02981g	60.8064482499816	57.6783710980147	29.0850848539737	41.594547335815
CAGL0K00495g	209.126490647976	221.305750077043	245.145715197779	237.83548861248
CAGL0D00704g	121.612896499963	105.277026858512	77.2832254691302	84.2556215263944
CAGL0F02101g	28.2571141867562	24.5273073212917	19.1130557611827	18.1309565309963
CAGL0J09284g	15.9765962068579	18.5914749558649	10.8030315171902	11.7317954024093
CAGL0K05973g	919.488880203643	826.536657676405	1083.62716141662	1196.4907700665
CAGL0G04103g	73.3254228896837	77.3898144247149	64.4026878909418	67.1911918501626
CAGL0M09229g	168.946543471027	158.699518147353	103.875303049906	127.983222571738
CAGL0F07315g	62.2371882088047	65.854140205112	49.860145463955	54.849952530745
CAGL0B03443g	58.7795666416489	53.9824754742584	41.9656224321621	46.3177376926291
CAGL0M05665g	107.663181901438	108.748928808102	52.3531527371527	76.3328506052868
CAGL0M01958g	71.5369979411548	67.0861054130307	78.9452303179287	77.7040994185554
CAGL0J11506g	160.362103718089	151.867711085258	140.439409723473	140.172100911904
CAGL0J01699g	199.230539266116	197.002436429918	164.953981243251	179.024150621182
CAGL0C00407g	46.2605920019468	45.0227285075765	38.6416127345651	33.9764983732115
CAGL0L10186g	82.267547632328	74.0299093122092	24.5145715197779	46.4700986718812
CAGL0A03740g	29.4493974857754	23.0713484392059	5.40151575859512	12.3412393194176
CAGL0H07513g	183.134714729356	178.746951985304	201.518087916818	193.65080462938
CAGL0K11275g	37.1992389294005	31.8071017317207	23.6835690953786	24.5301176595832
CAGL0M04763g	26.5879175681292	20.9434085346189	8.31002424399249	12.6459612779218
CAGL0M11902g	5.24604651568469	7.61578492167961	0.831002424399249	1.21888783401656
CAGL0L01529g	36.483868949989	34.9430131700594	27.0075787929756	30.1674738919097
CAGL0I10648g	1492.26177705249	1871.57914450277	2343.01133559368	2426.19623360995
CAGL0H02673g	68.3178330338029	67.4220959242813	90.5792642595182	80.9036799828489
CAGL0I00242g	12.2805179798982	10.6396995229348	60.6631769811452	39.461493626286
CAGL0H00660g	55.2027167445911	51.0705577100868	65.2336903153411	61.7061965970881
CAGL0J02332g	59.9718499406681	53.6464849630079	45.2896321297591	42.3563522320753
CAGL0K07656g	498.374418990045	539.824754742584	628.237832845833	597.10267768886
CAGL0L01947g	61.6410465592951	54.8784501709266	44.0431284931602	46.165376713377
CAGL0E00649g	72.9677378999779	58.3503521205159	33.6555981881696	40.0709375432943
CAGL0M08822g	109.570835179869	84.6696088351439	53.5996563737516	50.431484132435
CAGL0A04675g	9.1805814024482	9.85572166335009	5.81701697079475	6.24680014933485
CAGL0F08679g	164.77355192446	158.027537124852	149.164935179665	145.657096164978
CAGL0M13101g	49.122071919593	46.0307000413283	30.3315884905726	37.1760789375049
CAGL0G04521g	74.398477858801	80.7497195372206	89.3327606229193	93.2449193022665
CAGL0H01705g	92.6404123337955	90.9414317118213	145.840925482068	187.70872643855
CAGL0L05236g	433.514207523398	416.852227624875	166.20048487985	278.515870072783
CAGL0A01155g	36.0069556303813	34.8310163329759	40.3036175833636	39.1567716677818
CAGL0I09064g	80.9560360034069	82.541668930557	75.6212206203317	71.7620212277247
CAGL0F07733g	57.9449683323354	57.7903679350982	62.7406830421433	61.2491136593319
CAGL0A00979g	793.941448816917	907.174380376542	1235.28510386948	1097.60849453191
CAGL0M09317g	145.458562480348	144.475919837746	105.537307898705	122.802949277168
CAGL0M05445g	87.3943658181108	73.6939188009586	31.9935933393711	49.6696792361746
CAGL0I04070g	161.435158687206	160.043480192355	189.053051550829	176.738735932401
CAGL0B00682g	63.5486998377259	68.3180706209495	56.9236660713486	53.7834256759805
CAGL0I01188g	155.592970522012	153.771657315678	138.361903662475	145.200013227222
CAGL0K05863g	89.4212474264435	83.1016531159746	168.277990940848	232.502854338658
CAGL0H06105g	310.94748438422	308.439289328024	283.371826720144	294.666133873502
CAGL0K01837g	338.727685251368	324.902824379302	266.336277019959	292.533080163973
CAGL0J07238g	3295.709495149	3729.60667171842	4777.84843908348	4364.07552871703
CAGL0E06292g	17.1688795058772	29.6791618271338	0.831002424399249	1.37124881326862
CAGL0I07359g	25.8725475887177	21.5033927200366	32.8245957637704	37.1760789375049
CAGL0G02475g	2608.23894493451	2896.35020381701	3836.32269223913	3427.96967219231
CAGL0E04818g	36.364640620087	32.5910795913054	44.4586297053598	50.583845111687
CAGL0L08976g	101.105623756832	102.477105931424	128.805375781884	117.013232065589
CAGL0M00814g	4441.13606051679	4987.10715849223	5988.20347022099	5666.76190132222
CAGL0M06633g	63.9063848274316	58.5743457946829	30.3315884905726	43.1181571283356
CAGL0M02167g	47.8105602906718	64.2861844859426	22.8525666709794	28.1867811616328
CAGL0J10956g	88.2289641274243	87.469529762232	82.2692400155257	84.1032605471423
CAGL0C05461g	38.6299788882236	43.4547727884072	49.860145463955	52.564537841964
CAGL0E00759g	52.341236826945	58.6863426317664	44.4586297053598	42.6610741905794
CAGL0M05379g	25.9917759186196	23.8553262987906	19.5285569733824	20.2640102405252
CAGL0B02431g	280.067346939621	229.817509695391	59.0011721323467	134.230022721073
CAGL0H10538g	40.8953171563602	43.9027601367413	36.1486054613674	33.6717764147073
CAGL0H08976g	3918.67751888656	4550.99147488899	5492.51052406684	5294.54402900941
CAGL0I09306g	30.5224524548927	29.1191776417162	21.6060630343805	24.6824786388352
CAGL0I03322g	646.69446138804	772.554182202147	926.983204417363	932.753914981169
CAGL0G01078g	2041.42746458075	2242.28867524923	3049.77889754525	2685.97170323473
CAGL0K01353g	87.8712791377185	81.6456942338888	47.7826394029568	63.2298063896088
CAGL0D00462g	95.5018922514417	104.605045836011	75.6212206203317	83.0367336923778
CAGL0G00748g	28.49557084656	27.8872124337974	36.564106673567	33.2146934769511
CAGL0M00374g	101.105623756832	84.5576119980604	57.3391672835482	64.7534161821295
CAGL0D03696g	76.7830444568395	70.5580073626199	60.6631769811452	53.7834256759805
CAGL0J00781g	242.152738030809	244.489095353332	263.843269746762	255.052279267964
CAGL0I05258g	95.8595772411475	95.0853146839116	88.0862569863204	82.5796507546216
CAGL0J08800g	72.3715962504683	73.0219377784575	79.3607315301283	84.2556215263944
CAGL0M07381g	131.389619551921	122.524539769375	105.952809110904	111.375875833263
CAGL0H01375g	155.831427181816	153.21167313026	122.988358811089	136.820159368358
CAGL0A00341g	9.41903806225205	10.7516963600183	5.81701697079475	6.39916112858692
CAGL0K12342g	114.936110025455	112.556821268941	119.664349113492	122.802949277168
CAGL0L02783g	120.301384871042	121.852558746874	115.093835779296	116.860871086337
CAGL0B04103g	37.6761522490082	37.2949467488134	31.1625909149719	33.5194154354553
CAGL0M04675g	103.847875344576	90.8294348747377	51.1066491005538	68.4100796841792
CAGL0H10202g	70.8216279617433	71.2299883851211	67.7266975885388	66.2770259746502
CAGL0E01397g	134.370327799469	132.940245618143	137.530901238076	138.800852098635
CAGL0F08965g	285.313393455306	286.151918748403	351.098524308683	321.786388180371
CAGL0H08107g	7.86906977352703	7.50378808459609	10.8030315171902	10.8176295268969
CAGL0M05137g	154.281458893091	162.73140428236	141.270412147872	131.944608032292
CAGL0F03575g	65.5755814460586	68.3180706209495	60.2476757689456	61.5538356178361
CAGL0L06644g	50.1951268887103	44.5747411592424	36.9796078857666	37.4808008960091
CAGL0M00770g	167.2773468524	174.715065850297	219.800141253601	198.831077923951
CAGL0D04972g	80.1214376940934	76.9418270763808	64.4026878909418	69.9336894766999
CAGL0K12232g	135.443382768586	137.084128590233	141.685913360072	145.04765224797
CAGL0J06424g	134.131871139665	132.268264595642	147.087429118667	141.238627766668
CAGL0J00847g	805.983510137011	944.245333451189	137.946402450275	447.941279001084
CAGL0F04301g	44.9490803730256	45.2467221817436	54.8461600103505	50.7362060909391
CAGL0K09460g	227.96456677248	253.896829668348	299.991875208129	284.91503120137
CAGL0I07073g	119.228329901925	120.620593538955	125.481366084287	123.869476131932
CAGL0K07590g	82.0290909725242	63.8381971376085	36.564106673567	42.9657961490836
CAGL0J05940g	189.692272873962	181.210882401141	115.924838203695	146.418901061239
CAGL0L03828g	189.57304454406	202.490281447011	348.190015823286	280.344201823808
CAGL0H02409g	580.284281632668	657.981417865702	909.532153504979	796.847921488323
CAGL0F05335g	90.9712157151686	88.8134918072343	81.4382375911264	84.4079825056465
CAGL0E01815g	6.08064482499816	4.47987348334095	0.831002424399249	1.37124881326862
CAGL0K03459g	64.2640698171374	51.1825545471703	11.6340339415895	29.1009470371453
CAGL0M03157g	115.889936664671	106.061004718097	65.6491915275407	84.2556215263944
CAGL0F09185g	65.8140381058624	55.5504311934278	78.9452303179287	86.6933971944275
CAGL0H07271g	21.1034143926407	26.2072598775446	32.8245957637704	32.909971518447
CAGL0A01694g	30.045539135285	25.1992883437928	19.1130557611827	16.6073467384756
CAGL0M04301g	15.3804545573483	18.3674812816979	23.6835690953786	27.4249762653725
CAGL0D04004g	56.5142283735123	58.2383552834323	39.888116371164	47.5366255266457
CAGL0J03960g	100.032568787715	110.092890853104	69.804203649537	83.1890946716299
CAGL0C01287g	53.4142917960623	55.9984185417619	66.48019395194	61.8585575763402
CAGL0B00748g	72.1331395906645	73.9179124751257	57.3391672835482	64.1439722651212
CAGL0J04268g	403.230211728309	344.726264543086	144.17892063327	235.854795882203
CAGL0H02519g	57.9449683323354	48.1586399459152	31.5780921271715	36.7189959997487
CAGL0L03674g	44.7106237132218	41.8868170692379	37.8106103101658	37.4808008960091
CAGL0B00396g	202.330475843566	208.426113812438	142.932416996671	170.949018720822
CAGL0E03916g	77.9753277558588	90.4934443634872	41.5501212199625	57.7448111365343
CAGL0H08261g	6.79601480440971	8.28776594418076	3.73951090979662	3.5043025227976
CAGL0I10296g	115.174566685259	112.780814943108	68.9732012251377	89.4358948209647
CAGL0I01496g	234.283668257282	226.009617234551	169.108993365247	196.088580297413
CAGL0M08690g	52.222008497043	51.6305418955044	31.9935933393711	40.9851034188067
CAGL0I02706g	57.7065116725316	56.8943932384301	65.2336903153411	62.0109185555923
CAGL0H08558g	39.583805527439	34.8310163329759	28.6695836417741	25.2919225558435
CAGL0C04741g	297.236226445498	203.946240329097	45.2896321297591	97.3586657420724
CAGL0M00242g	59.4949366210604	58.6863426317664	63.9871866787422	62.4680014933485
CAGL0F08371g	117.559133283298	147.387837601917	180.743027306837	195.174414421901
CAGL0B03817g	66.1717230955682	50.3985766875857	18.6975545489831	30.9292787881701
CAGL0C00847g	11.2074630107809	11.4236773825194	17.4510509123842	15.0837369459549
CAGL0I05126g	260.871585825411	302.167466451347	415.085710987425	364.904545308706
CAGL0C00275g	174.66950330632	130.700308876472	68.5577000129381	82.7320117338737
CAGL0B04961g	191.599926152393	193.642531317413	246.392218834377	221.685224811761
CAGL0I05214g	86.9174524985031	81.0857100484712	64.4026878909418	71.7620212277247
CAGL0G05489g	162.26975699652	157.467552939434	151.242441240663	147.637788895255
CAGL0M00902g	170.97342507936	168.331246136536	157.890460635857	162.569164861958
CAGL0K09130g	136.039524418096	132.604255106892	166.20048487985	193.193721691624
CAGL0J10164g	3011.23070000301	3428.33517996374	4087.28542440771	3887.18566365805
CAGL0M02079g	45.4259936926333	45.4707158559106	40.3036175833636	36.4142740412446
CAGL0L12254g	137.708721036723	151.195730062757	74.7902181959325	104.824353725424
CAGL0I06578g	61.9987315490009	57.3423805867642	49.0291430395557	51.6503719664515
CAGL0J06204g	169.065771800929	161.499439074441	130.882881842882	145.352374206474
CAGL0M02497g	1830.98946230386	1944.71307911831	2747.70951627612	2360.83337351082
CAGL0I04576g	16.3342811965637	16.7995255625286	6.648019395194	10.969990506149
CAGL0K02893g	297.832368095008	325.574805401803	257.195250351568	224.58008341755
CAGL0M08492g	1689.94234802988	1686.22437912953	975.596846244719	1306.800119045
CAGL0G05225g	117.439904953396	121.516568235623	111.354324869499	106.957407434953
CAGL0A00605g	51.5066385176315	57.2303837496806	44.8741309175595	42.2039912528232
CAGL0F07172g	81.6714059828184	83.9976278126428	88.0862569863204	87.4552020906878
CAGL0F02563g	217.710930400915	325.574805401803	441.262287356001	470.033620992634
CAGL0J05280g	93.2365539833051	94.0773431501599	74.3747169837328	83.1890946716299
CAGL0C01947g	575.515148436591	616.766581818965	693.887024373373	664.750952476779
CAGL0L12012g	17.2881078357791	13.8876077983569	2.49300727319775	7.61804896260347
CAGL0C00605g	37.5569239191063	34.6070226588088	41.5501212199625	42.0516302735712
CAGL0F08261g	16.4535095264656	12.6556425904382	3.73951090979662	7.31332700409933
CAGL0K07293g	383.676765624394	398.26075266901	422.564732807018	443.675171582026
CAGL0H09086g	72.6100529102721	80.41372902597	55.2616612225501	62.4680014933485
CAGL0B04059g	62.3564165387066	65.6301465309449	31.1625909149719	46.165376713377
CAGL0G02959g	91.5673573646782	91.0534285489048	98.4737872913111	95.5303339910475
CAGL0L03630g	315.120475930787	315.719083738453	166.20048487985	236.007156861456
CAGL0G06622g	42.683742104889	38.8629024679827	29.916087278373	33.5194154354553
CAGL0L03564g	136.397209407802	140.668027376906	129.636378206283	131.335164115284
CAGL0H07381g	19.6726744338176	18.0314907704473	23.268067883179	25.7490054935997
CAGL0L12540g	647.052146377745	731.899330340828	892.081102592594	829.910253986022
CAGL0F05181g	74.6369345186049	65.7421433680284	90.1637630473186	84.7127044641506
CAGL0D03564g	109.809291839673	101.581131234756	92.6567703205163	90.1976997172251
CAGL0C01793g	83.5790592612492	73.133934615541	37.8106103101658	54.5452305722409
CAGL0G00308g	861.901596861014	981.652277037085	604.554263750454	713.354104858189
CAGL0G08756g	162.627441986225	157.579549776518	175.341511548242	187.251643500793
CAGL0H00374g	15.9765962068579	16.7995255625286	21.1905618221809	19.654566323517
CAGL0H03289g	46.8567336514564	41.6628233950708	18.2820533367835	29.5580299749015
CAGL0J00363g	1.54996828872502	1.34396204500228	6.23251818299437	4.57082937756208
CAGL0J05302g	72.6100529102721	65.9661370421955	54.8461600103505	58.5066160327947
CAGL0L08822g	88.9443341068358	94.1893399872435	102.213298201108	100.10116336861
CAGL0F00957g	220.572410318561	219.849791194957	206.088601251014	212.543566056637
CAGL0F04763g	39.2261205377332	38.0789246083981	47.7826394029568	43.879962024596
CAGL0H03069g	178.365581533279	193.306540806162	218.553637617003	209.648707450848
CAGL0L07722g	2266.17286644588	2085.94109068063	2815.85171507686	3345.9994653547
CAGL0I07315g	57.7065116725316	57.6783710980147	90.5792642595182	75.1139627712702
CAGL0M09251g	59.3757082911585	64.0621908117756	54.0151575859512	52.564537841964
CAGL0M09383g	42.802970434791	44.4627443221589	39.888116371164	39.3091326470339
CAGL0D00726g	30.6416807847947	31.9190985688043	36.564106673567	34.8906642487239
CAGL0J04796g	115.889936664671	118.492653634368	105.952809110904	96.596860845812
CAGL0I04004g	73.0869662298798	69.4380389917847	31.1625909149719	49.8220402154267
CAGL0G08195g	72.2523679205664	76.1578492167961	24.0990703075782	47.5366255266457
CAGL0D02838g	123.639778108296	134.844191848563	156.228455787059	147.790149874507
CAGL0M13783g	102.297907055851	84.2216214868099	62.7406830421433	64.9057771613816
CAGL0H00594g	44.8298520431237	44.3507474850754	47.7826394029568	49.5173182569226
CAGL0L01265g	51.2681818578276	42.1108107434049	25.7610751563767	31.8434446636825
CAGL0I05610g	31.4762790941081	19.039462304199	4.57051333419587	5.4849952530745
CAGL0J04862g	39.583805527439	40.206864512985	36.9796078857666	36.7189959997487
CAGL0I07535g	110.405433489182	123.532511303127	140.023908511274	137.277242306115
CAGL0E02387g	37.3184672593024	35.1670068442264	31.9935933393711	31.2340007466742
CAGL0H05489g	473.455698040543	485.506288757075	347.774514611086	409.546312229563
CAGL0L01353g	136.158752747998	155.11561936068	174.926010336042	184.356784895004
CAGL0G03311g	691.166628441458	831.240524833913	1204.12251295451	1030.8743856195
CAGL0F03113g	51.6258668475334	47.4866589234141	34.4866006125689	40.5280204810505
CAGL0H07491g	41.6106871357717	52.1905260809221	83.5157436521246	68.7148016426833
CAGL0F06567g	113.98228338624	110.316884527271	102.628799413307	105.586158621684
CAGL0C04543g	66.6486364151759	54.2064691484255	23.268067883179	37.328439916757
CAGL0F00605g	1215.17513836042	1712.43163900708	149.995937604065	611.11988778005
CAGL0H10098g	48.0490169504757	44.7987348334095	68.5577000129381	58.5066160327947
CAGL0A02233g	373.303900922926	512.273532820038	106.368310323104	215.286063683174
CAGL0J08118g	56.6334567034142	54.7664533338431	48.6136418273561	42.9657961490836
CAGL0F05775g	54.2488901053757	51.2945513842539	45.2896321297591	47.3842645473936
CAGL0J10296g	32.7877907230293	32.8150732654725	37.3951090979662	35.8048301242363
CAGL0L04246g	245.610359597965	259.944658870859	274.646301263952	279.430035948295
CAGL0L11462g	3025.18041460154	3217.8931230838	3515.97125763322	3786.77977833093
CAGL0L07744g	56.99114169312	46.0307000413283	26.592077580776	33.9764983732115
CAGL0L05852g	143.670137531819	139.884049517321	149.580436391865	154.494032961598
CAGL0I04774g	203.522759142585	247.065022606253	144.17892063327	159.521945276917
CAGL0H07711g	148.796955717602	145.707885045664	162.460973970053	155.865281774867
CAGL0C04631g	47.452875300966	38.8629024679827	24.9300727319775	29.7103909541535
CAGL0H05819g	25.6340909289138	24.5273073212917	28.2540824295745	29.2533080163973
CAGL0K05225g	128.408911304373	131.372289898973	119.248847901292	123.412393194176
CAGL0K11209g	69.9870296524298	66.4141243905296	38.6416127345651	52.4121768627119
CAGL0A03036g	479.178657875835	491.330124285419	354.42253400628	416.402556295906
CAGL0H06721g	58.0641966622373	59.3583236542676	44.4586297053598	51.0409280494433
CAGL0A01870g	28.7340275063639	25.1992883437928	15.3735448513861	19.806927302769
CAGL0A01562g	2908.21742296775	3272.43558274348	4342.40316869828	3827.61252077049
CAGL0E00407g	55.2027167445911	54.7664533338431	51.1066491005538	48.298430422906
CAGL0M01826g	674.59389058509	717.003751008719	760.782719537513	785.116126085914
CAGL0F06061g	112.670771757319	105.725014206846	65.2336903153411	85.4745093604109
CAGL0J05830g	15.7381395470541	18.5914749558649	4.57051333419587	9.90346365138451
CAGL0L09911g	26.7071458980311	29.6791618271338	35.3176030369681	40.3756595017984
CAGL0B03971g	71.0600846215471	75.3738713572115	42.3811236443617	56.6782842817698
CAGL0C04477g	104.444016994086	96.9892609143316	81.8537388033261	88.2170069869482
CAGL0J04158g	61.0449049097855	54.2064691484255	13.7115400025876	33.9764983732115
CAGL0K02123g	2509.99480109532	2636.51754178323	3552.11986309459	3092.92787881701
CAGL0M12969g	39.7030338573409	29.7911586642173	11.2185327293899	18.7404004480045
CAGL0G01342g	50.7912685382199	48.6066272942493	31.1625909149719	39.7662155847901
CAGL0J06182g	114.816881695553	105.165030021429	80.6072351667272	92.0260314682499
CAGL0C03399g	164.77355192446	163.627378979028	157.474959423658	151.751535335061
CAGL0F07579g	45.4259936926333	53.0865007775902	25.7610751563767	34.8906642487239
CAGL0K04598r	11.3266913406828	10.9756900341853	22.4370654587797	17.2167906554838
CAGL0J01661g	34.814672331362	31.6951048946372	24.9300727319775	27.5773372446246
CAGL0M07293g	28.49557084656	32.927070102556	17.0355497001846	22.2447029708021
CAGL0M03399g	84.2944292406608	88.2535076218167	54.0151575859512	69.1718845804395
CAGL0C05423g	52.8181501465526	48.6066272942493	34.4866006125689	41.2898253773108
CAGL0A03949g	95.024978931834	83.6616373013922	71.0507072861358	71.6096602484726
CAGL0C03333g	49.7182135691026	46.1426968784118	39.0571139467647	41.746908315067
CAGL0G05027g	2163.39804607042	2443.99497883665	2803.38667871087	2718.72931377393
CAGL0G08129g	106.947811922026	88.3655044589002	130.882881842882	125.240724945201
CAGL0H04037g	11.8036046602905	11.4236773825194	8.72552545619212	8.83693679662003
CAGL0F03179g	123.639778108296	131.59628357314	141.270412147872	149.009037708524
CAGL0H00264g	33.264704042637	32.8150732654725	30.3315884905726	29.8627519334056
CAGL0H08239g	82.38677596223	82.6536657676405	64.8181891031414	73.2856310202454
CAGL0J07832g	114.57842503575	129.916331016888	162.876475182253	148.094871833011
CAGL0J04554g	83.4598309313473	87.3575329251485	103.875303049906	95.6826949702996
CAGL0K01001g	92.0442706842859	96.0932862176634	126.312368508686	111.071153874759
CAGL0M04939g	25.7533192588157	25.871269366294	28.6695836417741	28.491503120137
CAGL0M09020g	8.82289641274243	6.83180706209495	3.73951090979662	3.65666350204967
