genesymbol3	S3	S4	S7	S8
CAGL0L04598g	5.4465204025878	5.43202087931289	8.25151783275738	8.24739059207528
CAGL0H08844g	5.15391235785028	5.14025682147229	7.93944445829439	7.9205800056968
CAGL0G05269g	0.238376534629686	0.204607480278279	3.71048545864988	3.64250374348493
CAGL0M04763g	3.3578879283193	3.30584030544436	6.34546605663943	6.39114170354786
CAGL0J02552g	0.532575515657045	0.444020586428941	4.8517771422267	4.74594715391412
CAGL0G02717g	2.58083782765411	2.51822228677441	5.87075354687733	5.95401703050254
CAGL0G09020g	5.4376651817158	5.46636587627662	7.77474627300783	7.72731252438115
CAGL0J07040g	6.73944575839964	6.79422879605463	9.18715265204891	9.15260709249535
CAGL0B00374g	6.00947879380112	6.00875779798633	3.6104529791731	3.54157296121984
CAGL0A01243g	7.39424399119395	7.25154005591676	11.6807150889533	11.7518778253958
CAGL0F04895g	6.84702457837698	6.88589425047693	9.05638924602759	9.01427618827151
CAGL0G09977g	6.57151036812969	6.49812121525732	9.03049461655145	9.00719603828458
CAGL0M07227g	7.90852824707228	7.86217760500117	5.61086384828708	5.65707150659733
CAGL0C02343g	9.85828944368902	9.83265737206989	8.14291814580377	8.13640192478622
CAGL0G02629g	6.05071479037817	6.06363020444178	3.72968577982157	3.79645772542772
CAGL0B02475g	3.11291998250177	3.39412444855637	12.0802807723459	11.8650959909878
CAGL0C02321g	5.08752955567259	5.15717617611778	7.75027624794853	7.69634387446935
CAGL0L04378g	3.56723580090095	3.42239143895596	7.20737711383998	7.22911368759011
CAGL0G05335g	7.25500494908619	7.2495692678679	8.73868947292353	8.72693025263096
CAGL0J02508g	3.77835253020511	3.63055892114116	7.57293450521071	7.51522350722986
CAGL0I04554g	6.71400207460486	6.66119072375395	8.69478838544427	8.73075601939654
CAGL0L13392g	5.16468515687779	5.27811631628209	2.32857475946906	2.29099125554544
CAGL0L00957g	5.22768541930704	5.19862630367809	6.96967744595578	6.92626188311742
CAGL0C01771g	4.5439771833306	4.57448177109651	6.1597567357011	6.13235487735184
CAGL0H02893g	4.88094069452315	4.79590258800575	7.02706513581594	7.04471341115405
CAGL0L05456g	7.21410520358929	7.30185779081545	9.67088682373453	9.62094334462149
CAGL0E01881g	5.07616260375905	5.06156383079485	7.54204165411271	7.65466174973167
CAGL0H08734g	10.6566539918138	10.633669019892	9.25953236647991	9.23572668403017
CAGL0K02497g	8.36835857063879	8.36735377922965	6.90991207582478	6.86839646758851
CAGL0M13937g	5.79048937751478	5.81447371895112	7.21420936125134	7.1907418187131
CAGL0I02398g	8.53745223469843	8.43741679074597	6.05709317578798	6.01175840227473
CAGL0G06952g	7.02900426437836	7.11748676371798	9.17538487802731	9.16467755283594
CAGL0G04829g	4.57661105989873	4.64814236541709	6.62723489669862	6.58535771082176
CAGL0M06897g	4.31170646989186	4.28228499656481	2.93619057912011	2.94610391976124
CAGL0M10351g	5.81804612412832	5.85651635765842	7.95073851015028	7.86770307606688
CAGL0A02299g	4.5439771833306	4.48350346533431	2.64403843839228	2.58952707722562
CAGL0L02717g	5.19652915128179	5.22293652997087	6.54832773928516	6.52494883049604
CAGL0L13387r	9.63295068702281	9.51184288899557	6.46771552800531	6.56835458622131
CAGL0H04675g	9.28044745231408	9.28482114537299	8.08911199600781	8.10873811645972
CAGL0L13376g	11.7272292273384	11.8280737866839	9.25788009758512	9.33959057724023
CAGL0M13783g	6.1784601061179	6.14221357626848	7.39795757249184	7.39982007980265
CAGL0H07425g	7.03194901702915	7.08248621751424	5.54735474380857	5.58281661396338
CAGL0I08547g	8.4096986818961	8.38810533168739	6.04564740089193	6.16665204534915
CAGL0E04092g	8.90015566878533	8.99248266870493	6.96967744595578	6.92292153038971
CAGL0B03795g	8.85097987860955	8.84495973103661	7.4581924431139	7.51078033522867
CAGL0H04081g	9.56138314579357	9.60496411728464	8.20682894628387	8.23666816362319
CAGL0J01994r	0.238376534629686	0.444020586428941	-3.15475877051776	-3.15475877051776
CAGL0B02860g	5.19652915128179	5.18218888325042	6.73330148559106	6.66749134472467
CAGL0J10802g	7.46131441547578	7.55102409819197	5.7156916179322	5.7045330673696
CAGL0F00253g	8.69065455817968	8.69661693237015	7.59404156765371	7.61588273287038
CAGL0E05148g	6.01544230401329	6.10345687721009	7.78625438090842	7.79282433511421
CAGL0G06050g	-1.39923509755722	-0.920515246448098	8.48128777282397	8.12917324851877
CAGL0E02717g	6.5876111084828	6.58195873622119	5.50340697045207	5.47746310349266
CAGL0K08360g	7.5847647302032	7.69266202344736	4.83414439876091	4.95662778948822
CAGL0D05500g	7.07255661624274	7.05792112235316	5.35674897839577	5.44056333294513
CAGL0L01265g	5.28804928369978	5.20677531297118	7.15685133155476	7.22640642990906
CAGL0H10428g	5.3647958694556	5.41101444345267	6.65008933733166	6.63519680651248
CAGL0H02783g	7.32630361839739	7.32824217192048	6.17384428314288	6.13235487735184
CAGL0L07700g	4.71496386658829	4.86961156047893	2.22413817695131	2.20559574163751
CAGL0G06380g	8.0180252420786	8.02311198904694	6.69718046520042	6.75274535777975
CAGL0H00781g	5.9296228393543	5.97575782215477	7.30820882013242	7.26912449267963
CAGL0H02695g	5.0647053802468	5.06156383079485	6.93494355075193	6.83324127204937
CAGL0C01287g	6.26109329543024	6.20458047589235	4.9450835743507	4.93025218223122
CAGL0K09416g	7.00822095942915	7.01447968268991	4.97757072197483	5.09365698106298
CAGL0K12210g	6.29089997072085	6.36973219446343	4.79821891009584	4.81964585106968
CAGL0K01573g	5.46406943442854	5.49991222734367	4.3545256688801	4.32787791751341
CAGL0I01100g	6.05071479037817	6.09030310291149	7.3256646962742	7.37069331044652
CAGL0F00605g	7.35009448706342	7.4872239423379	10.0675995019589	10.1782600517954
CAGL0L06952g	9.34521231090817	9.32608392738262	7.93634885548943	7.86248158493218
CAGL0F03113g	5.4465204025878	5.40394377383634	6.606611366649	6.58112567960274
CAGL0L05258g	2.9229473871225	3.07604337945072	5.86207931384563	5.75800084776831
CAGL0L13365r	14.8291053363665	14.9632529401689	12.4114040935694	12.4957969419908
CAGL0G02849g	3.19928094921342	3.2438324109299	6.11664942798563	5.93424467509004
CAGL0J01870g	5.3647958694556	5.41101444345267	6.73805000716208	6.68731438529963
CAGL0I08613g	6.38141933650836	6.44399771132067	4.99354401726627	4.94350026046301
CAGL0G09119g	5.748141474402	5.85651635765842	4.03766054856872	4.03791863366265
CAGL0I05896g	5.64420986798933	5.69790279876646	7.27918107661985	7.20456351132787
CAGL0J10494g	4.12574994277969	4.13633533188486	6.53747301614313	6.38143958964221
CAGL0J00803g	6.118773501682	6.1758110876563	7.33822851944686	7.33091968138828
CAGL0D00990g	3.86015865645705	3.83364656633926	6.56445821202398	6.38629880241055
CAGL0M12705g	6.6768574423601	6.6372718159484	8.70694955149128	8.58303415580106
CAGL0L00205g	3.75001947721778	3.79092210649947	4.81629347703764	4.80520422366177
CAGL0B02453g	5.91693530673183	5.97575782215477	7.40095494478436	7.34096635875269
CAGL0M03487g	6.29089997072085	6.36973219446343	4.09800777110072	4.22313587424269
CAGL0J00649g	9.15505280373237	9.08711805438076	7.64423223996181	7.58239827754227
CAGL0G05544g	5.27816240810047	5.25472577968419	7.39344980523157	7.25591046786304
CAGL0J03542g	3.83340206733665	3.76907584298613	5.15848285830893	5.11723110720189
CAGL0E06380g	3.80613985146084	3.89545068005109	6.7615609656256	6.58112567960274
CAGL0G07689g	5.89122051902251	5.90239453490249	7.4069310716094	7.31826214226463
CAGL0C05467g	-0.630450033894426	-0.441560345964067	-3.15475877051776	-3.15475877051776
CAGL0D00869g	-0.630450033894426	-0.441560345964067	-3.15475877051776	-3.15475877051776
CAGL0L07458g	5.50703021541631	5.51311536187728	4.17005648887852	4.08649946494714
CAGL0L00649g	3.91222762443787	4.06640651201767	6.15621324945401	6.16099217326425
CAGL0K09966g	9.42746332080388	9.40744065418949	8.10665942444834	8.18042894729097
CAGL0J11264g	6.99922135022612	7.04661538208861	6.00288510648159	5.99276690278663
CAGL0K07546g	1.84047026406673	2.46486167931455	10.5929801600661	10.8478493652829
CAGL0E05434g	6.80288341347585	6.74191557519341	5.5364926698189	5.5743251133042
CAGL0G01969g	6.80288341347585	6.8210185807404	5.77234177010645	5.72001284247874
CAGL0K10362g	6.21000478296706	6.32176581417731	4.31693385220588	4.22313587424269
CAGL0B03201g	4.23200217531686	4.29762646711019	6.36708494932919	6.23289318743151
CAGL0G07601g	6.83695736879597	6.80768587082624	7.99107818511718	8.05634687547637
CAGL0B01232g	7.21669568944882	7.18915786302857	4.97757072197483	4.80520422366177
CAGL0F06325g	3.88642803332278	3.99291474216732	5.84457280024484	5.75800084776831
CAGL0H00682g	6.00947879380112	5.95171553697414	7.19879105125923	7.25325307688293
CAGL0C04565g	5.54050088353667	5.64490848538545	3.56841356999436	3.67463693387718
CAGL0F04499g	7.26755193087976	7.08027023110082	4.77991502288362	4.76099115895335
CAGL0M12639g	6.65410277188883	6.55348605213098	4.86919697635602	4.94350026046301
CAGL0D05093t	-3.15475877051776	-3.15475877051776	0.599672004136555	0.307284448438041
CAGL0J08184g	7.39195371062327	7.40638819797492	5.95881649502421	6.05512319460172
CAGL0C03531g	7.03488777124851	7.18709992664541	5.10801876361322	5.06969123769307
CAGL0J07766g	8.20706048588916	8.17620605468511	5.46382285910336	5.67306614275058
CAGL0A03344g	5.40169054764285	5.36806109041003	6.67753964039634	6.7639901381919
CAGL0C01221g	8.15398599025332	8.21510224816588	6.88229538090346	6.81172947349128
CAGL0L06248g	6.15163554172049	6.16330353106006	7.22439744560337	7.16552409483064
CAGL0H09262g	1.16802808868797	0.988733932141446	3.45762149548485	3.39497749819872
CAGL0A04301g	6.44023529880008	6.51790525807244	7.66682108195895	7.68652823854597
CAGL0F08371g	7.79003308889905	7.76894263616183	6.69229526987059	6.75274535777975
CAGL0G02535g	6.35814360952102	6.46792696420542	4.88640898148118	4.91688132026718
CAGL0A02673g	8.19922272004613	8.15740900061069	6.89297984018012	6.96899699565171
CAGL0F08107g	7.44373163415383	7.34495225643512	8.74813570929798	8.74406686982639
CAGL0K04235g	7.83624869734324	7.8348342703128	8.83879208063875	8.90254779411008
CAGL0D04378g	6.35344306016316	6.38057849510805	7.5021225433496	7.43542059311503
CAGL0J05940g	7.25248240499188	7.32262885513597	8.4019724706951	8.38241564494543
CAGL0I06490g	7.31425942618725	7.18297522623921	5.50340697045207	5.54854654994876
CAGL0A02024g	4.94483197789136	4.84893330431526	6.19126244853449	6.1834996425195
CAGL0I01254g	6.92512902962151	6.96248843419056	5.33810444802763	5.45913118805277
CAGL0I10670g	6.91559410418326	7.05792112235316	4.27833625250546	4.46280893301033
CAGL0D02266g	5.01794433279926	5.07942585090694	6.49882513236224	6.60633363105154
CAGL0H04785g	5.49853979341329	5.5961105187647	6.820954537479	6.85092594868544
CAGL0K07458g	5.24808863015019	5.33126312018686	6.90991207582478	7.02926351516812
CAGL0G09757g	6.28103267865679	6.39491453796132	4.96141859095149	4.94350026046301
CAGL0E00979g	7.77955875380875	7.83746083961015	5.95065736147963	6.09722246678095
CAGL0F05071g	3.96248262608642	3.89545068005109	5.34434610211242	5.44987713192483
CAGL0D05940g	9.29828971361613	9.21836067854215	8.13483901919858	8.09544672759493
CAGL0C04939g	4.12574994277969	4.32782849625674	6.45334994935743	6.50274619817662
CAGL0A01650g	5.42875527189959	5.23891871109597	8.40868914788911	8.20125945854328
CAGL0B01507g	5.91054945174506	5.95171553697414	4.90341805823989	4.83394434687304
CAGL0I05962g	6.35344306016316	6.27214965032851	7.52840085487822	7.47701306981571
CAGL0F06809g	7.08111150843111	7.03750656296749	4.03766054856872	4.30752904376066
CAGL0E00231g	2.04087735852571	2.09512612194377	0.757670047328257	0.847934366182683
CAGL0C03355g	5.4465204025878	5.52619876004527	3.78579957896745	3.90878816607996
CAGL0L13156g	7.15590501052726	7.07582802076159	4.17005648887852	4.42552753365378
CAGL0A02772g	5.4465204025878	5.43202087931289	4.06814967365542	4.17901278414035
CAGL0K01045g	7.42369143113695	7.5284447304234	6.22548031028878	6.23289318743151
CAGL0M09108g	5.08752955567259	5.00661125713417	6.24895890571029	6.19462305510937
CAGL0I09592g	6.65792022762307	6.90855327442988	4.21161953259526	4.17901278414035
CAGL0J08316g	5.30762206146043	5.47987816456306	7.21591237944867	7.21279340942176
CAGL0G03817r	0.238376534629686	-0.0825983662826858	-3.15475877051776	-3.15475877051776
CAGL0L01892r	0.238376534629686	-0.0825983662826858	-3.15475877051776	-3.15475877051776
CAGL0F07557g	4.52737918678325	4.51008792604478	3.20669772950086	3.31568685438065
CAGL0D06094g	5.18599239155759	5.09706942303946	4.00651314635212	3.96183517646202
CAGL0H08415g	6.63873112778137	6.58195873622119	4.36684171042913	4.56919931844433
CAGL0D00682g	6.81319036575334	6.92840014060599	5.34434610211242	5.25111727602735
CAGL0L03047g	6.72859622224827	6.75586717348383	4.09800777110072	4.3479437626201
CAGL0B03993g	9.68438876075206	9.60958131199304	8.52246774976344	8.57773362854994
CAGL0G03927g	6.33448619714912	6.55028745264901	4.19789780048989	4.24470148056442
CAGL0E05610g	8.54055720797079	8.66369462799216	10.7348459826753	10.5736927985791
CAGL0K10868g	6.33448619714912	6.38057849510805	8.67263656810426	8.9126874332234
CAGL0L10582g	6.39062548994515	6.30288406834838	7.96700998267572	7.84670275718606
CAGL0K05753g	8.14040657137006	8.00803593891883	6.54562170546361	6.59797982447844
CAGL0M11286g	5.72649206832855	5.69790279876646	4.67486915097165	4.58619254861208
CAGL0H06853g	5.46406943442854	5.53269623283261	7.10816428647066	6.97546070544357
CAGL0J09614g	8.79227448756411	8.73726816355106	6.55910140186429	6.7639901381919
CAGL0E03003g	4.23200217531686	4.15330046904877	5.24776143857751	5.20785455470537
CAGL0G06006g	3.72111882644125	3.70147916538405	4.70428486815306	4.7906165700815
CAGL0J08294g	6.18905181996439	6.09470103331939	7.93117471099603	8.09247638225382
CAGL0G04433g	6.33924881630228	6.3142427443127	7.39043678314486	7.48609523293794
CAGL0B04367g	4.78645509586304	4.91009961647511	6.15621324945401	6.16099217326425
CAGL0I02684g	6.83020665516332	6.74191557519341	5.70117455056529	5.65707150659733
CAGL0E06072g	4.44139798608415	4.21923373989704	6.49602454440363	6.52494883049604
CAGL0F09009g	5.12110273250167	5.20677531297118	4.00651314635212	4.06241352648159
CAGL0H09064g	10.9115402216776	10.892366812251	9.24501044628219	9.40090240942584
CAGL0L10120g	7.59276393820578	7.6469771759134	6.52103624665987	6.59797982447844
CAGL0L08998g	6.85369723450158	6.91602788134767	5.51452005748379	5.62454021820854
CAGL0J09262g	4.16919429459804	4.21923373989704	6.03024372906315	5.85933542409323
CAGL0M02211g	7.56457048867054	7.58736834214046	9.226966768171	9.07045523272072
CAGL0K01155g	5.71920279812077	5.98526366170499	3.26049550450124	3.31568685438065
CAGL0K07524g	7.29232320470913	7.34125559457974	8.84760703440793	8.70958763392739
CAGL0B04257g	12.5358770233187	12.4292184194713	10.516275240946	10.6813989689836
CAGL0C05027g	2.04087735852571	1.69267165019838	5.10066332078584	5.08172387303521
CAGL0H10384g	6.66931235918949	6.81836187771278	4.92022893595113	4.7906165700815
CAGL0L12760g	10.1124192150714	10.130990775332	9.15289151711157	9.06364612637622
CAGL0K09614g	8.91059303333161	8.89624865264331	6.33296537746745	6.59378471137806
CAGL0D00198g	1.84047026406673	1.86733613974181	3.87472907919395	3.67463693387718
CAGL0I00330g	5.6746764005044	5.57107828899572	6.8779993424399	6.8189357717296
CAGL0L06314g	8.56515931725056	8.44604775097953	5.80438871281314	6.05512319460172
CAGL0I10516g	7.8396138961201	7.72706336753358	9.01002802708196	9.05984935686802
CAGL0I03630g	7.20108253982864	7.24759578394845	4.86919697635602	5.10549219474854
CAGL0E01067g	7.12037698483687	7.19121286804357	5.48092063913879	5.63274206842028
CAGL0K10824g	2.21681074355799	1.9473295769995	4.60380617415067	4.68415152639566
CAGL0G01100g	6.10205744901613	6.20458047589235	7.29698955010187	7.25856297302523
CAGL0H02057g	9.15099538758835	9.17955342665056	6.89510726937867	7.1283022145046
CAGL0F01661g	5.39255495585815	5.28582964024294	4.23867756653347	4.22313587424269
CAGL0F01551g	5.27816240810047	5.36077620022829	3.83981229211808	3.96183517646202
CAGL0D00220g	5.7552863454056	6.0134110597547	2.22413817695131	2.52048280337315
CAGL0L02799g	7.45693876893531	7.45166441789114	6.04564740089193	6.1834996425195
CAGL0C04279g	6.40886340988533	6.39491453796132	4.82524654711021	4.98252983793685
CAGL0F00715g	5.30762206146043	5.45956197532333	2.64403843839228	2.8924643692715
CAGL0G05951r	2.64379045786231	2.6193643057511	0.219834940502409	-0.0647610732828627
CAGL0C04191g	5.69711137170256	5.84089359296468	7.16216095793296	7.14273219414626
CAGL0D05060g	7.99104196402694	7.98571438804727	5.73006406188656	5.96704964149016
CAGL0F07777g	4.44139798608415	4.536191366751	6.48193947114482	6.29622592711434
CAGL0L11528g	6.118773501682	5.98051857109852	4.73311278091566	4.73074461981127
CAGL0K11275g	4.49359909715541	4.51008792604478	5.74429473559194	5.62454021820854
CAGL0G03113g	6.36282889340215	6.51790525807244	4.86919697635602	4.93025218223122
CAGL0I05236g	7.430402476899	7.31887447344273	8.48905507319653	8.48110802360662
CAGL0G01782g	6.78902525679875	6.88335447167222	5.76305321095108	5.7045330673696
CAGL0E02343g	7.6243244866067	7.61365499629146	4.29131719485826	4.65223191156516
CAGL0G01991g	8.09043430338983	8.14685938821709	5.83573923067876	6.07331637221466
CAGL0M09977g	8.11285816116927	8.09292218600112	5.52554819430621	5.80230425480907
CAGL0K03575g	3.63077182679058	3.70147916538405	5.46954466317926	5.29312034157977
CAGL0M06567g	6.03318634174629	6.17165393885227	3.89187560011686	4.08649946494714
CAGL0J11792g	6.118773501682	6.12081073968213	3.41080720261356	3.70606998661975
CAGL0H02717g	1.72875759408532	1.78264557159667	3.72968577982157	3.96183517646202
CAGL0L10846g	6.63873112778137	6.84471128969079	4.91184798286716	4.91688132026718
CAGL0E05456g	4.1476356442731	3.83364656633926	-0.0156447074691969	0.307284448438041
CAGL0M10681g	5.32693284935566	5.27036153150744	4.17005648887852	4.2659494632556
CAGL0I07997g	6.80976289018663	6.87826146118986	5.24776143857751	5.40269494963271
CAGL0K03459g	4.27240467859101	4.28228499656481	6.23558938820478	6.02428191861405
CAGL0E05588g	4.71496386658829	4.80666582297736	6.40340847876187	6.57688119752399
CAGL0H09944g	5.55694945474463	5.68045342936485	7.02512378582308	6.9395464860384
CAGL0H02387g	4.82770888433227	4.40067808563561	8.4720539939928	8.32662957202277
CAGL0G07175g	3.66152044989293	3.65458845963101	5.03272024125746	4.88976199111514
CAGL0B04345g	9.82302239532575	9.76528518521488	8.5890301033403	8.69790897477898
CAGL0M03751g	6.41789663379806	6.45430174357177	4.11270824293864	4.3677343443822
CAGL0L08624g	7.47219582019552	7.42397068354117	6.13116211697655	6.25962050414376
CAGL0J11352g	7.22957880306558	7.14319095932171	5.94656042527879	6.04286568741651
CAGL0J00275g	7.24742404615596	7.16007613891176	5.42312193954945	5.59965113097376
CAGL0H03289g	4.80033784433682	4.536191366751	6.88443861238153	6.87877812280387
CAGL0I02354g	7.1286537584622	7.16844519382044	5.39333039328298	5.58281661396338
CAGL0K03069g	4.71496386658829	4.79590258800575	5.92173143702318	6.03050314425578
CAGL0K02123g	11.8349518607236	11.7214667436644	10.6150892665377	10.6657467808013
CAGL0G02101g	7.56660268057421	7.5669385642707	10.2475852064923	9.94252103497586
CAGL0J06908g	4.68534501972115	4.67188319337627	6.61179495397904	6.39596840219913
CAGL0A03234g	12.1332848514708	12.0922971202958	11.0124895241893	11.1172037283201
CAGL0L05148g	10.8079791333135	10.6903430713788	9.64235889535673	9.66259566254022
CAGL0K08382g	11.3261069274282	11.2496805883395	10.0000208459425	10.1148999795418
CAGL0B01881g	7.28493637928816	7.4010713939493	5.34434610211242	5.5398503092727
CAGL0E02981g	5.37410837076977	5.33869818414859	6.37320273634177	6.48473474546417
CAGL0C01331g	6.78902525679875	6.77517548665742	5.36904613514666	5.52229897330318
CAGL0J11891g	-0.630450033894426	-0.920515246448098	-3.15475877051776	-3.15475877051776
CAGL0E00583g	4.91961397706478	4.88999761683705	6.9328741029576	6.70297901429451
CAGL0F07975g	4.67030440001327	4.52319868350405	6.63234504118028	6.44802287419301
CAGL0F01925g	6.53875958741732	6.44399771132067	3.94212532929544	4.22313587424269
CAGL0M02805g	8.13630769569725	8.07856183453427	5.86207931384563	6.11489561218027
CAGL0M06149g	6.17313494563556	6.18408962026432	3.6104529791731	3.90878816607996
CAGL0A02970g	-3.15475877051776	-3.15475877051776	-1.11073832654777	-1.34535147893351
CAGL0B02882g	0.532575515657045	0.204607480278279	3.87472907919395	3.60963851388562
CAGL0J04576g	7.16934000407515	7.11748676371798	4.48454332454133	4.7906165700815
CAGL0H03311g	-0.630450033894426	-0.441560345964067	1.14855368555164	1.24029449665583
CAGL0K11858g	9.74172034155508	9.707591360516	11.5172561914137	11.3142856801504
CAGL0I05588g	7.26755193087976	7.39395170413058	5.46382285910336	5.64089755384452
CAGL0H10142g	10.1929011921085	10.2441904826504	9.14218382003243	9.02288278264356
CAGL0L08338g	6.15163554172049	6.20864395284312	7.36916757403146	7.25325307688293
CAGL0B03619g	5.9359250076371	5.94685862398689	7.83914583575667	7.62001416949803
CAGL0L04510g	10.0074935076146	10.0327074663303	8.6330331075729	8.78603848346801
CAGL0E05566g	5.23792309329575	5.23094975175313	6.90358575274262	7.12248956621747
CAGL0B01925g	4.1476356442731	3.95471555294918	5.67665002638495	5.64089755384452
CAGL0L01331g	8.0105803701192	8.11798398601864	7.04250260180671	7.07512552928909
CAGL0E05170g	6.6270939493309	6.61294965375483	8.36330908164578	8.16212930678664
CAGL0H10252g	6.91559410418326	7.0004850484057	4.49580210321105	4.77587990705757
CAGL0G01342g	5.55694945474463	5.60846561997729	6.64504176907123	6.54246815356061
CAGL0M03377g	5.64420986798933	5.88726333644491	8.62215753911202	8.37020382315351
CAGL0I07711g	4.1476356442731	4.04838155410625	2.96887634254564	3.04774703155341
CAGL0C05159g	6.93145081593999	7.0214264195905	8.00394939661101	8.08949990868931
CAGL0K05555g	7.15590501052726	7.278852087164	5.55813564781929	5.71229371661334
CAGL0J01001g	5.08752955567259	5.13172214885803	6.13476759256678	6.2543145060241
CAGL0M13189g	3.93757393774845	3.53022650654772	6.87369047307187	6.9395464860384
CAGL0F04807g	4.94483197789136	4.706777610661	6.69961687356759	6.73761466795854
CAGL0K06919g	6.84367664129549	6.90103973978118	5.70602982195229	5.82395599860961
CAGL0M12144g	9.46771045728591	9.53993204950137	8.3732632823727	8.47769712451878
CAGL0D04884g	7.60665670820336	7.6364579139459	5.25440552136564	5.5398503092727
CAGL0A01606g	1.84047026406673	1.59671106130065	4.23867756653347	4.48109447043584
CAGL0K00891g	5.20698951315135	5.41101444345267	6.98972521730621	7.06909417669087
CAGL0F06435g	4.16919429459804	4.34269567434702	2.64403843839228	2.52048280337315
CAGL0D01100g	6.16779005650369	6.13795833503021	7.24955726676175	7.13119977994195
CAGL0M13255g	5.9296228393543	6.06811007386921	7.51462984867808	7.39500627167982
CAGL0K04477g	9.44965547515635	9.30915256832045	7.82916665983888	7.95369360896949
CAGL0M06589g	6.32010327270553	6.17995629197962	4.00651314635212	4.24470148056442
CAGL0B02277g	6.24595579931845	6.18408962026432	4.92022893595113	5.05755740086121
CAGL0G04983g	5.97317060455622	5.80376879355566	4.15593172410843	4.28688904275964
CAGL0H06831g	4.67030440001327	4.82795435000422	6.68247497122475	6.50274619817662
CAGL0G08316g	6.60748759262707	6.73629693804613	5.52554819430621	5.45913118805277
CAGL0J09482g	4.34996593688144	4.21923373989704	2.76063550787073	2.8924643692715
CAGL0J04158g	4.8140882743271	4.80666582297736	6.63743714897857	6.41511531693314
CAGL0H02189g	6.01544230401329	5.81447371895112	3.54692538099872	3.76695325102773
CAGL0F04279g	5.33649217070426	5.48658714458496	6.78698803436306	6.8890856049052
CAGL0E03069g	7.7512496137653	7.63343826874456	4.42689251377429	4.81964585106968
CAGL0H04983g	5.57321260324463	5.41101444345267	6.89510726937867	6.98510229355363
CAGL0H07051g	7.77605034115343	7.88266823386289	6.77548580057608	6.83679559232173
CAGL0F06061g	6.05071479037817	6.14221357626848	7.18320618169975	7.09603888354193
CAGL0H02101g	3.53438672405863	3.07604337945072	6.67258736827091	6.68731438529963
CAGL0C02585g	6.59559459347731	6.7193085291441	5.56349603842434	5.49556500022469
CAGL0C05181g	7.90210498776265	8.04827179424518	6.24895890571029	6.41035235839619
CAGL0A01284g	2.64379045786231	2.80257840406756	4.05298565216751	4.13349755360299
CAGL0K07678g	2.04087735852571	2.16370888186944	3.41080720261356	3.54157296121984
CAGL0K05390g	7.76015603796519	7.63343826874456	6.19817125536306	6.33695408252003
CAGL0B03817g	5.19652915128179	5.18218888325042	7.49792922921395	7.20456351132787
CAGL0G00154g	9.71540151226456	9.68443561293871	8.01572944757597	8.22450940166453
CAGL0L04664g	6.25606509058375	6.09030310291149	8.02741408930354	8.23532223936123
CAGL0J10010g	7.30211383717376	7.27304287933246	4.90341805823989	5.20785455470537
CAGL0G07018g	6.43134129656932	6.34779185449337	4.86051335112445	5.03297921156314
CAGL0I09240g	7.59276393820578	7.73271800992958	6.24895890571029	6.10902858616488
CAGL0M04675g	5.87818917849646	6.07702829468186	7.72418788156675	7.6117394310876
CAGL0A03366g	8.23544006778442	8.24508577161804	9.37721050825208	9.24177178816681
CAGL0L11792g	9.86573579730063	9.7500314146413	8.75107501881428	8.67227614834053
CAGL0F00561g	7.28986512958692	7.35231728471546	4.71395831812554	5.04532064576305
CAGL0L00473g	4.45900905862451	4.62400431529573	6.13116211697655	6.2858616644084
CAGL0C03113g	7.10367960877467	7.26135381448977	8.61507646619413	8.51921157576347
CAGL0G08041g	9.20483054299408	9.2031664897631	7.12276215099064	7.39017634764299
CAGL0J08910g	5.57321260324463	5.5836486950375	4.39116279179324	4.53460032681521
CAGL0I03366g	7.41017495304527	7.36147100958454	5.73006406188656	5.93424467509004
CAGL0D00704g	6.19956633989274	6.25260274565724	7.33196028444753	7.21005532315785
CAGL0I05126g	8.78006607526864	8.75126455949675	7.70854732600124	7.56536003126099
CAGL0G03443g	9.16111761218151	9.1995980344791	6.88443861238153	7.17958832474281
CAGL0L02827g	4.33096302713326	4.5490680835473	6.09089554460438	6.04900745883567
CAGL0I02376g	4.80033784433682	4.82795435000422	1.70895104135201	2.11482573259792
CAGL0D03190g	8.80006854778276	8.86247436577293	7.55016465187511	7.69634387446935
CAGL0K01551g	8.17145028068647	8.19987352147165	5.48657516469421	5.83821205050174
CAGL0M04301g	5.12110273250167	4.95916232601218	3.74863392314112	3.67463693387718
CAGL0B02137r	1.47546528566	1.69267165019838	-0.0156447074691969	-0.0647610732828627
CAGL0E01815g	0.532575515657045	0.828976979430285	3.17902735722749	3.39497749819872
CAGL0E02585g	7.39653064170271	7.18090844535841	5.41127904145132	5.5398503092727
CAGL0G00924g	7.53373901941675	7.62129608532147	5.59524674513264	5.83821205050174
CAGL0M12551g	0.985645257471801	0.988733932141446	4.74259548210915	4.24470148056442
CAGL0I00924g	6.99319026974043	6.9479776783343	8.03611588191546	7.91554675355437
CAGL0M05203g	7.04949241427772	7.21160351012224	4.70428486815306	4.98252983793685
CAGL0M02871g	7.21410520358929	7.36511629900785	8.42718416154713	8.42672135248962
CAGL0J10252g	7.27004828579305	7.278852087164	3.94212532929544	4.38725711284256
CAGL0I01826g	7.00822095942915	7.14106634847065	4.98557947623803	5.22964807653684
CAGL0L01925g	7.67229589481574	7.52192803850897	9.2689963647407	9.10623746912194
CAGL0G06314g	5.28804928369978	5.16556202174488	6.20504713478032	6.24898892124614
CAGL0H09724g	8.43994448050984	8.47416902968773	5.63652245158352	6.01175840227473
CAGL0D05082g	5.6821935554369	5.41101444345267	8.33850977960746	8.07000169003323
CAGL0B01397g	6.86695066863989	6.84992391086803	4.53997862950782	4.84810252041831
CAGL0G08734g	9.12434033381903	9.25024980757248	7.99207236547221	8.08203174712563
CAGL0L06600g	5.51547096253404	5.62071581109866	6.74750041776453	6.6392733796808
CAGL0A04257g	7.83624869734324	7.86088722593532	4.92022893595113	5.31367201698914
CAGL0I07139g	7.27502807423331	7.14531244592672	8.5942771309907	8.4662688649006
CAGL0K04741g	10.8154754269341	10.6696727904137	9.46073680795297	9.54746885413191
CAGL0B04125g	8.56921918749934	8.6681279189861	6.03024372906315	6.36676297341188
CAGL0D01254g	-3.15475877051776	-3.15475877051776	0.422218113245011	-0.0647610732828627
CAGL0D04796g	4.8140882743271	4.92004654743157	3.45762149548485	3.27434511638111
CAGL0M11110g	7.51491883062006	7.78943503588904	5.08583896697821	5.31367201698914
CAGL0K12760g	5.13212238848821	5.2625648377871	6.29157350524619	6.37656395499123
CAGL0L06292g	5.59726866385223	5.66279042360433	7.00949821757303	6.84034117744833
CAGL0L04268g	5.61308604410925	5.58989306232336	7.73254000924753	7.44476754450151
CAGL0G07106g	8.53330184785898	8.38989578729625	5.83573923067876	6.16665204534915
CAGL0L10164g	7.51491883062006	7.80024644963794	5.69141471106468	5.64089755384452
CAGL0C05533g	4.21136854609608	4.2352567659901	5.48657516469421	5.32383910015349
CAGL0F05709g	6.78553981760047	6.76417382717943	2.76063550787073	3.31568685438065
CAGL0A03674g	5.39255495585815	5.84089359296468	2.51718297311717	2.58952707722562
CAGL0M01232g	6.46659298172049	6.4713132575618	5.22087483169548	5.3833813717178
CAGL0A03168g	11.4545660233652	11.3611177453249	10.1140025535641	10.2582997871204
CAGL0J06006g	6.84032091687228	6.94554496570317	5.42312193954945	5.59125842715157
CAGL0J01265g	7.83793227793005	7.87245929773186	5.2871745690561	4.87600873173203
CAGL0G05027g	11.5688459633535	11.4754576807526	9.86218717176837	10.068038198097
CAGL0B04433g	7.25752309022389	7.03750656296749	5.00146483054893	5.20785455470537
CAGL0J01045g	7.51070301458727	7.40284583997798	4.11270824293864	4.56919931844433
CAGL0K09460g	8.01653933799155	8.1678820293333	5.8664229496018	6.13812799283534
CAGL0A01199g	7.04658328934882	7.00516502635481	4.99354401726627	4.66827999482887
CAGL0D01496g	5.82485384566146	5.73218087246509	6.7638911249507	6.87532586514406
CAGL0D02838g	7.35715591138089	7.23170996856144	4.76137592156143	5.09365698106298
CAGL0G07128g	6.23577516977968	6.23278736051006	4.34210358143928	4.60298794672305
CAGL0E01727g	9.54240625658425	10.1416566361778	4.8517771422267	5.2722716646704
CAGL0B01034r	-1.39923509755722	-1.64249163686431	-3.15475877051776	-3.15475877051776
CAGL0F04543g	-1.39923509755722	-1.64249163686431	-3.15475877051776	-3.15475877051776
CAGL0G07150r	-1.39923509755722	-1.64249163686431	-3.15475877051776	-3.15475877051776
CAGL0H02761r	-1.39923509755722	-1.64249163686431	-3.15475877051776	-3.15475877051776
CAGL0H08756g	-1.39923509755722	-1.64249163686431	-3.15475877051776	-3.15475877051776
CAGL0I03080g	-1.39923509755722	-1.64249163686431	-3.15475877051776	-3.15475877051776
CAGL0L05192g	-1.39923509755722	-1.64249163686431	-3.15475877051776	-3.15475877051776
CAGL0F02145g	7.12037698483687	7.34125559457974	8.9036276733228	8.80430763689922
CAGL0J05412g	8.69530565416335	8.68718296506396	6.80972099153626	7.07211300483311
CAGL0M00506g	7.91810983094714	7.96183883207244	6.50719442390581	6.6990787736275
CAGL0G07161t	3.80613985146084	3.76907584298613	5.22764360436099	5.03297921156314
CAGL0A00385g	4.27240467859101	4.40067808563561	3.09268196248444	2.94610391976124
CAGL0E01221g	7.80215780095048	7.85830300020095	6.50162029429589	6.67545327557436
CAGL0M01056g	7.12590010655632	7.12825255525574	4.14166730180207	4.56919931844433
CAGL0M05951g	3.15674657462245	3.14551767884801	4.71395831812554	4.96963694338339
CAGL0K01859g	9.68672630512731	9.6545859885735	6.95954811377316	7.34596358241505
CAGL0L06820g	5.64420986798933	5.72084510075458	6.94113414263444	6.78622013099816
CAGL0F08129g	7.64177851388124	7.60134444637449	4.49580210321105	4.94350026046301
CAGL0K01441g	4.98185125083481	4.90008362813713	3.8040294279318	3.93555547078555
CAGL0E03938g	11.5452091917383	11.3744045828735	9.35148950732618	9.60279207859802
CAGL0L08206g	7.26505124893196	7.35598574711358	5.64159986208104	5.85933542409323
CAGL0L10208g	5.29786886485918	5.16556202174488	6.33296537746745	6.2543145060241
CAGL0L06578g	-0.630450033894426	-0.920515246448098	1.14855368555164	1.24029449665583
CAGL0M03619g	6.49674707566927	6.51790525807244	4.68474118128252	4.94350026046301
CAGL0M10417g	4.52737918678325	4.41481675269532	5.59524674513264	5.48654244286531
CAGL0E01903g	6.50947978681143	6.6372718159484	5.20724126256424	5.35391738942385
CAGL0E02651g	3.39495743422788	3.45011521524251	4.8517771422267	5.08172387303521
CAGL0M05775g	7.92920850592605	7.91535701400256	5.39933812132012	5.76547987432319
CAGL0E05522g	6.83020665516332	6.78881062160295	4.77991502288362	5.06969123769307
CAGL0K08800g	4.44139798608415	4.63612382215015	6.13836408007962	6.31163403861952
CAGL0K07007g	6.5428943253702	6.55348605213098	5.24776143857751	5.03297921156314
CAGL0E05676g	8.09184605190468	8.0010242675502	7.05015982811479	6.92292153038971
CAGL0A04037g	7.55026442459406	7.70422052337191	5.56349603842434	5.25111727602735
CAGL0I04290g	6.91559410418326	7.02373458520908	5.31921580870709	5.53110133156949
CAGL0I05016g	9.10768903094781	8.9542718846079	7.99306586119608	7.97642905095787
CAGL0G09669g	8.28194531375691	8.4503439449037	7.21931239673884	7.24257429263432
CAGL0M04147g	5.78351715468246	5.71514363802951	6.7261492688781	6.86491924776231
CAGL0K09570g	8.2494232195962	8.35365754935581	7.13361442606059	7.26121061030244
CAGL0G01540g	5.89122051902251	5.23094975175313	9.70433133931076	9.69575798377186
CAGL0D02860g	4.47640774169926	4.66006161339632	3.12204171839963	3.23178365508952
CAGL0F04983g	7.74767159147163	7.72422771329669	5.00146483054893	5.40269494963271
CAGL0K08932g	3.75001947721778	3.72436511318402	4.96141859095149	5.16325428236467
CAGL0G00264g	7.71506368294072	7.86861224473524	4.78909599463069	5.20785455470537
CAGL0K11594g	4.29218940216377	4.31280651310406	6.15621324945401	5.88702726369126
CAGL0A03355r	4.36872179444975	4.08420904315963	2.32857475946906	2.20559574163751
CAGL0A02112g	10.1994642469124	10.1156543744504	9.05353491038464	9.18434076453785
CAGL0I04356g	10.8777709509113	10.856073860016	9.57627920652895	9.75847501585343
CAGL0I00726g	-1.39923509755722	-1.64249163686431	1.54520665078366	2.01795901694533
CAGL0A02189g	9.47692406693065	9.52900567711478	7.89229816664909	8.12045075400727
CAGL0B01078g	3.24059713040253	3.42239143895596	4.74259548210915	4.63600330452803
CAGL0K00319g	8.90096122930331	8.7273892609185	9.94589273066308	9.9470501773849
CAGL0L03685r	3.77835253020511	3.50401392861655	1.92424733222231	1.91411725694082
CAGL0F01705g	9.85371990131195	9.88183528953506	8.09189687115233	8.35293173014745
CAGL0J04070g	8.65385202522634	8.58694712555523	7.25784730427129	7.44476754450151
CAGL0A04675g	2.44603938756132	2.80257840406756	4.81629347703764	4.83394434687304
CAGL0K04301g	1.16802808868797	1.49390997648438	3.50296432498459	3.39497749819872
CAGL0D00176g	10.5701659377468	10.3310922622054	8.95041108953082	8.9525480288813
CAGL0I06094g	5.27816240810047	5.57107828899572	7.23283289934096	7.23720511197926
CAGL0G03311g	10.1994642469124	10.2063350623372	8.91991381228364	9.10697357589161
CAGL0H08888g	3.19928094921342	3.30584030544436	4.98557947623803	5.2722716646704
CAGL0J01661g	4.33096302713326	4.52319868350405	5.64159986208104	5.64089755384452
CAGL0J10362g	7.22957880306558	7.12825255525574	6.04564740089193	6.17790560878837
CAGL0I02178g	8.05468400264671	8.05166893078964	6.96563424338107	7.12248956621747
CAGL0I09350g	7.38736221306585	7.39751594098784	5.55275526616989	5.83110163345628
CAGL0A01958g	6.93145081593999	6.9887182506625	5.35674897839577	5.59125842715157
CAGL0K05357g	10.4759997301472	10.5938338770686	9.29621675855624	9.43940184422916
CAGL0J08844g	7.66092739113985	7.68684786058505	5.96287882285276	6.22206206035965
CAGL0K06787g	9.89756645756987	9.73038131383909	8.55445122114285	8.65526656838783
CAGL0H03377g	8.22518469571289	8.04031389490387	5.37515562892067	5.76547987432319
CAGL0H04411g	7.38736221306585	7.33197228604566	5.90070911890314	6.11489561218027
CAGL0J09812g	7.47219582019552	7.52519006397192	9.21339091803622	8.95582056219292
CAGL0K02541g	8.83420826903668	8.88168889473676	7.13181137305229	7.39259333089204
CAGL0D05016g	6.61143023809175	6.50143745371717	4.86919697635602	5.10549219474854
CAGL0G07315g	6.03318634174629	5.93218900113817	7.71578711960663	7.46787336956884
CAGL0B01122g	11.0046068948713	10.9487223599407	9.17844501135585	9.44988405675725
CAGL0I03344g	6.77503269008921	6.94310814403438	4.18404430428676	4.56919931844433
CAGL0J00165g	12.2123990595753	12.065311321375	11.0215249873558	11.1115295116421
CAGL0M12881g	9.99622949633967	9.6690351416328	6.29480000016067	6.75650336467384
CAGL0F06853g	7.16666299571963	7.24561959677287	4.72356733818172	5.10549219474854
CAGL0A03212g	7.73507816634614	7.61977110170692	6.54019436309501	6.37656395499123
CAGL0K04323g	3.83340206733665	4.04838155410625	5.28068003382675	5.24042261215391
CAGL0K12804g	7.72419561033194	7.63343826874456	5.56883658599049	5.88702726369126
CAGL0L03846g	8.97780101293283	9.10194016967575	4.90341805823989	5.54854654994876
CAGL0A04521g	12.3578862322932	12.2778411862945	10.9822895319487	11.1709923668297
CAGL0I00638g	4.45900905862451	4.61178213415296	5.63652245158352	5.55719068556598
CAGL0H00341r	-1.39923509755722	-1.64249163686431	-0.0156447074691969	-0.0647610732828627
CAGL0L09933g	6.90920229664463	6.77517548665742	8.2465276458693	8.07301862179153
CAGL0D04576g	7.09243968729483	7.30755234893074	5.76305321095108	5.85232860791249
CAGL0M00374g	5.9914389168217	6.08589172479044	7.3098044743881	7.51965303727705
CAGL0E03025g	6.57151036812969	6.57882271267067	7.56493905829307	7.74065503710782
CAGL0I05610g	1.32992056719532	1.38321778331552	2.86850989361044	3.14269792247373
CAGL0M11660g	4.82770888433227	4.10179457014815	9.22865480214137	9.70502513526517
CAGL0L10186g	4.80033784433682	4.42881820198325	7.57426278227637	7.26385339752905
CAGL0B00792g	8.73107858677694	8.65105914642035	5.76305321095108	6.22206206035965
CAGL0F07403g	7.07541388721313	7.16426673495474	4.86051335112445	5.20785455470537
CAGL0L00737g	6.77151324000167	6.60988034851248	7.84905645924717	7.97320298448775
CAGL0B03069g	9.29216210373209	9.2158394004142	10.7170681645624	10.5016303867307
CAGL0G01276g	5.95466799746832	5.87708697965606	4.78909599463069	4.94350026046301
CAGL0E01925g	6.73583830454216	6.72215385912217	4.05298565216751	4.48109447043584
CAGL0G09130g	12.0255877795429	11.8674001573016	10.2727564228519	10.4889797694365
CAGL0L04532g	9.23580995555309	9.20163823244627	7.8302788719894	8.04409980482521
CAGL0J03454g	7.42593191685464	7.60134444637449	6.45623453145484	6.42931056565404
CAGL0L06006g	4.8140882743271	4.536191366751	6.33296537746745	6.42931056565404
CAGL0A04631g	6.52628379400146	6.54708174579077	5.38123935940599	5.55719068556598
CAGL0K02981g	4.90683772493554	5.06156383079485	6.03411009305032	6.13235487735184
CAGL0H02937g	8.03866878872113	8.15003237987449	5.38729754297432	5.8095576678354
CAGL0H00957g	9.01845528252121	9.05813543433641	7.85671792718166	8.03484578805422
CAGL0I04994g	10.1994642469124	10.1757859681728	11.3741709066309	11.1924788586339
CAGL0D00880g	8.4366149799121	8.39168402361548	5.36904613514666	5.85933542409323
CAGL0J07238g	12.3150117824637	12.1624522983617	10.7487357182982	10.933959430019
CAGL0M08624g	2.44603938756132	2.35182761784619	3.72968577982157	3.54157296121984
CAGL0I08591g	3.15674657462245	3.00305347054111	4.64484115874945	4.44428865587695
CAGL0M03465g	-1.39923509755722	-0.920515246448098	1.62940070251984	1.54844307304786
CAGL0K09284g	8.0876066551913	8.0718854596367	4.86051335112445	5.3833813717178
CAGL0J08679g	8.45208732747594	8.53853638361429	6.62467302068323	6.91285381534662
CAGL0G05830g	6.57151036812969	6.41966485220099	8.23061054253007	7.99404460943248
CAGL0L02915g	8.42097489686814	8.21004384611027	7.07664452863796	7.08113177206196
CAGL0M11682g	5.29786886485918	5.43202087931289	6.96765726106978	7.23989220006996
CAGL0K07656g	9.40151305033201	9.37797445881849	8.0900408851533	8.29338625654505
CAGL0M13431g	6.80288341347585	6.90855327442988	4.93684618050869	5.22964807653684
CAGL0C03369g	8.74997972613329	8.75543713614719	6.09460293789065	6.52934864647565
CAGL0K04587g	8.76775347029323	8.69806285208612	7.13181137305229	7.38046771765281
CAGL0L10934g	5.41978999343246	5.53916457407052	4.39116279179324	4.51698461276261
CAGL0G08294g	6.93145081593999	7.12610581434381	5.63142710855401	5.75800084776831
CAGL0H02585g	6.59160837327943	6.92346396182661	8.691732008605	8.62783226898014
CAGL0L00671g	7.08678671657682	6.92593416235625	5.97096932272064	5.8801539752762
CAGL0E06182g	3.88642803332278	4.01164162781397	5.10801876361322	4.96963694338339
CAGL0D01188g	10.76592791211	10.6325352029324	9.34060306982732	9.51677671244144
CAGL0J08932g	3.91222762443787	4.03012854098008	2.83344041366698	2.65541740753083
CAGL0M04587g	5.47276454380935	5.49326507012334	2.93619057912011	3.35587683532218
CAGL0D06600g	5.22768541930704	4.94948235750277	6.76854018327952	6.90948223698709
CAGL0L05742g	5.05315643985143	5.27811631628209	6.5564155194691	6.67941782381042
CAGL0I09152g	4.94483197789136	4.92992536675145	3.3123590822449	3.57600711221163
CAGL0D06402g	7.21151005791616	7.54300054473569	9.26406637298229	9.22423857946752
CAGL0M07678g	7.10926690066966	7.07137209013066	4.8517771422267	5.21879246716946
CAGL0G00330g	4.5439771833306	4.49685692861929	2.72280725885929	2.37161330117402
CAGL0F07117g	4.1476356442731	4.41481675269532	5.97901470471555	5.85933542409323
CAGL0C01419g	5.86503905688112	6.00875779798633	4.17005648887852	4.42552753365378
CAGL0D02904g	6.42239212383221	6.53418720828567	4.87782864714327	5.11723110720189
CAGL0L09691g	6.157040503748	6.28759870152983	7.17622516227681	7.29260895780031
CAGL0C03003g	6.5876111084828	6.5693735322513	5.25440552136564	5.46832626288109
CAGL0D06512g	3.06772018956387	3.11119868855207	4.81629347703764	4.53460032681521
CAGL0H00704g	5.81804612412832	6.28759870152983	8.61249288910008	8.657278135698
CAGL0K08888g	7.85632314364543	8.04145342869239	6.46198645045052	6.63110868166434
CAGL0J04598g	7.6437048794951	7.64097556416676	6.19126244853449	6.42931056565404
CAGL0B02926g	-0.131598233819325	-1.64249163686431	7.27265037566866	7.5546080307434
CAGL0M05665g	5.95466799746832	5.88726333644491	7.52977075332427	7.27175283578606
CAGL0L11902g	1.60766309498123	1.86733613974181	4.252018628137	3.90878816607996
CAGL0M06523g	11.8676673867474	11.725283155297	10.4420076700131	10.618003010136
CAGL0M06501g	10.2920329022626	10.1609208645185	8.87911719084481	9.06136926392551
CAGL0K09394g	3.88642803332278	3.72436511318402	4.91184798286716	4.81964585106968
CAGL0F01177g	6.68810159221199	6.79693027166596	4.72356733818172	5.04532064576305
CAGL0K11836g	4.96961673561115	4.98781853297502	6.48759001268805	6.2382784095319
CAGL0D03718g	9.06232244559678	9.08490917652265	7.81462932974888	8.01928928323065
CAGL0A01804g	7.67040735444889	7.89784745021417	5.49781815964431	5.81677479535785
CAGL0H02079g	6.71766447541318	6.73910899187068	4.4502300088648	4.83394434687304
CAGL0M13981g	5.30762206146043	5.32378954034604	6.47342194481316	6.2858616644084
CAGL0M02849g	11.9968642718464	11.854572201121	10.4196445185595	10.6303439222152
CAGL0E05874g	8.4706547952843	8.48927996766487	5.70602982195229	6.17790560878837
CAGL0E04334g	9.6997470196261	9.74689135767453	8.19133113227481	8.44430255926077
CAGL0J00473g	8.83083042276058	8.76925920636313	5.94245182154026	6.42931056565404
CAGL0L02585g	6.42687364925944	6.63122960884311	5.26760259103953	5.35391738942385
CAGL0H04235g	6.51369917362877	6.69923252622156	5.20724126256424	5.36380572771263
CAGL0K10010g	7.430402476899	7.32450238851224	6.01075493932664	6.21661585013928
CAGL0B01771g	6.41789663379806	6.38057849510805	5.1725827897155	5.3736267517163
CAGL0A01782g	10.7952536784942	10.9888516321933	8.41907555130392	8.80249109704258
CAGL0I02926g	8.84931146429311	8.88041585718214	6.59618798144372	6.98510229355363
CAGL0K01969g	5.71187651149894	6.02267279807419	4.15593172410843	4.03791863366265
CAGL0J01331g	6.068032825876	6.3514718274648	8.04572337880089	7.87636378414504
CAGL0J08976g	3.77835253020511	3.47731626254056	5.405320935449	5.59125842715157
CAGL0I09438g	5.65952355598621	5.51311536187728	3.69102615659326	3.98764473018285
CAGL0F08261g	2.04087735852571	2.09512612194377	3.20669772950086	3.43304633830335
CAGL0K03091g	6.44466182273425	6.67594113511341	4.76137592156143	4.98252983793685
CAGL0I10560g	7.98801243004815	8.02541746165257	5.32553953960376	5.7950141895696
CAGL0L11462g	12.0798631218082	11.915660240859	10.5817972377601	10.7691176250102
CAGL0H07161g	4.60852305451193	4.75202822109367	2.79749717007898	3.09600348449608
CAGL0C05115g	6.65792022762307	6.96489276704306	5.20724126256424	5.19683308162295
CAGL0L05566g	7.35009448706342	7.1558733349763	5.13707116403075	5.45913118805277
CAGL0L05500g	7.34536759585085	7.33383373272698	4.95327420182514	5.3736267517163
CAGL0H01441g	7.3595020596733	7.41696338214113	6.265498435656	6.44802287419301
CAGL0J02376g	6.59160837327943	6.69923252622156	3.36242273016521	3.93555547078555
CAGL0L09251g	2.9728367179548	3.14551767884801	4.2252119834892	4.11018988051186
CAGL0L04114g	5.91693530673183	6.08589172479044	4.4502300088648	4.66827999482887
CAGL0K10626g	5.12110273250167	5.2468438942972	6.98374008300274	6.691246516841
CAGL0E01859g	3.28076295836858	2.75890968577349	5.7490072700281	5.92091093558232
CAGL0I00792g	10.9641331158794	10.8552640886673	9.48247668305938	9.70793927999554
CAGL0D03608g	-0.630450033894426	-0.920515246448098	0.757670047328257	0.847934366182683
CAGL0J02816g	8.95626120076395	8.88296080995028	6.09089554460438	6.58957736401471
CAGL0H01419g	7.53581507659175	7.5558168982007	5.11533689556363	5.54854654994876
CAGL0L06974g	7.08678671657682	7.18709992664541	8.47561244485595	8.26200500664705
CAGL0G02453g	7.3524521375766	7.39037863986803	5.30648457847368	5.67306614275058
CAGL0G09317g	6.47527294062189	6.32924985770051	5.27415613009379	5.41225563835077
CAGL0K00671g	7.90532019217035	7.73130642578863	5.68650991961499	6.03050314425578
CAGL0L12892g	7.02900426437836	6.90855327442988	5.74429473559194	5.51344257908612
CAGL0M01210g	6.6270939493309	6.49146578182402	4.51805945001719	4.86212309914358
CAGL0J00363g	3.39495743422788	3.14551767884801	1.45579294318422	1.68090305143546
CAGL0I07535g	7.2089102356349	7.28848241936594	5.61086384828708	5.89386796158871
CAGL0L03806g	8.06622076993406	8.06853565020532	5.00934239362253	5.56578333680058
CAGL0M08030g	6.79597097480843	6.79962669816273	5.6160322062891	5.82395599860961
CAGL0H02563g	4.60852305451193	4.5490680835473	6.19126244853449	5.907452811919
CAGL0K03135g	11.6192779115942	11.3382338443152	9.91713187931814	10.01803842007
CAGL0H08976g	12.6104757697618	12.4336191957696	10.9220122683069	11.1555990370643
CAGL0I05500g	8.32459850887121	8.28604260272685	6.31082511649124	6.67147780267051
CAGL0L06886g	11.6017955898416	11.5622722643114	10.1117175083406	10.3735119452978
CAGL0I02530g	6.51369917362877	6.48477950322933	8.45340722361334	8.09841096989544
CAGL0J11066g	7.55845668092852	7.55102409819197	4.58284252794623	5.12887527295784
CAGL0L10560g	9.27796904222158	9.21836067854215	7.09156317285121	7.4815612982052
CAGL0G03003g	8.3811164158394	8.25100841736066	6.22885787961178	6.58957736401471
CAGL0B04455g	2.37360259203664	2.16370888186944	1.14855368555164	1.057411971469
CAGL0L08103r	1.84047026406673	1.9473295769995	-1.11073832654777	-0.567402122361454
CAGL0B03014g	5.85841877260345	5.63286285877122	6.9162107785914	6.8890856049052
CAGL0L03938g	5.07616260375905	5.12313668635081	6.32035543484233	6.58535771082176
CAGL0I07249g	-0.131598233819325	-0.0825983662826858	1.45579294318422	1.80221746829983
CAGL0M11154g	8.6567165609296	8.62545126317024	5.77234177010645	6.30138027036708
CAGL0A03388g	12.3274991960321	12.1890464607985	10.9948671200735	11.1802900369391
CAGL0F04103g	7.22701136749432	7.11532393124935	5.60047125253505	5.86630837429778
CAGL0E06534g	7.52957792109339	7.53169207099202	5.93005533577805	6.22206206035965
CAGL0K03421g	3.66152044989293	4.13633533188486	6.53747301614313	6.33192549938161
CAGL0B00748g	6.16242529199719	5.94198530468398	7.17096713962851	7.23451300971868
CAGL0A02233g	5.51547096253404	5.14874130158712	3.54692538099872	3.50629680017141
CAGL0H03619g	4.45900905862451	4.2352567659901	5.81790815379615	5.64900719573324
CAGL0F09031g	12.7159769374825	12.6027571497734	11.3573920055036	11.5688388427105
CAGL0E05962g	2.76200958898505	2.84496406219796	4.4502300088648	4.15643465502808
CAGL0H04719g	4.38723694121357	4.66006161339632	5.87507118371439	5.86630837429778
CAGL0E03245g	9.70483032024171	9.58595569476284	6.05328799816375	6.71847538372636
CAGL0M09207g	3.56723580090095	3.60612235751091	4.98557947623803	4.73074461981127
CAGL0C02739g	5.15391235785028	5.64490848538545	7.81575280138585	7.75011041598892
CAGL0K10879g	1.47546528566	1.59671106130065	2.90274708523797	3.1879283047652
CAGL0K00957g	8.09043430338983	8.14474017684604	6.45911335751051	6.7639901381919
CAGL0H00935g	7.37581912822275	7.62129608532147	5.93833148361899	6.11489561218027
CAGL0D04752g	6.70295875570358	6.45087523671753	8.35251180238028	8.12045075400727
CAGL0B03465g	4.01104580710946	4.17006842393468	5.81790815379615	5.53110133156949
CAGL0D02354g	5.84508636294299	5.87197175615118	4.60380617415067	4.83394434687304
CAGL0L07920g	5.78351715468246	5.64490848538545	6.84536469329666	7.05695529602773
CAGL0F01111g	4.80033784433682	4.56183088571455	5.883667884757	5.8452875951913
CAGL0J04928g	8.26952342525982	8.26082578072808	6.02247977645779	6.44802287419301
CAGL0D01474g	2.76200958898505	2.29180615945811	4.76137592156143	4.86212309914358
CAGL0E04548g	4.33096302713326	4.15330046904877	5.26101914619352	5.39307047965951
CAGL0G06094g	5.45532160178245	5.64490848538545	6.87369047307187	6.70297901429451
CAGL0K12012g	9.89514272404954	9.80138390271446	8.29808308019313	8.57560795277638
CAGL0H04521g	11.502590955815	11.3449410862069	10.065239704341	10.2708352895764
CAGL0I01276g	5.08752955567259	5.35345433821739	6.70932156850911	6.57688119752399
CAGL0E04994g	10.9315864634448	10.6772069047098	8.96971748945165	9.22423857946752
CAGL0K05093g	7.47652550542668	7.29614066622579	8.50097742785577	8.38119910384222
CAGL0I02574g	8.3811164158394	8.57597922359386	7.40543935909317	7.27175283578606
CAGL0L11572g	6.72496150256525	6.64628794194154	7.61355285674723	7.80920018050072
CAGL0M13915g	6.74304421432611	6.80768587082624	4.59336242827401	5.00797503303144
CAGL0F04719g	5.78351715468246	5.65089379230451	7.22270442000204	6.96575424845386
CAGL0M12991g	10.1629922728082	10.0725490925678	8.953476697339	9.15403239947544
CAGL0I10010g	2.58083782765411	1.69267165019838	6.62723489669862	6.33695408252003
CAGL0K00759g	8.34012536852576	8.20191333016928	6.81647161003152	7.05999960495023
CAGL0F07139g	8.59831646095815	8.63076076129385	6.45334994935743	6.86839646758851
CAGL0G02475g	11.9407795800994	11.8059491133322	10.6986118538074	10.8792116459529
CAGL0J00385g	6.80288341347585	6.85252317575435	4.8517771422267	5.22964807653684
CAGL0L10890g	8.27698938554485	8.33704857160409	4.52906066721971	5.26173324362885
CAGL0L10978g	8.44326631486209	8.30514459698159	6.83874823311894	7.10195886474958
CAGL0B02563g	6.21519581816501	6.40557385003089	8.07510640913255	7.78548608683843
CAGL0F02299g	6.82342420477206	6.89600888914688	4.78909599463069	5.18572676135781
CAGL0C04543g	4.67030440001327	4.44268507135506	6.46198645045052	6.16099217326425
CAGL0F02937g	12.063137249564	11.9671631770293	10.5312280042867	10.8022189611118
CAGL0M13893g	9.41792729422945	9.28482114537299	7.86433892353068	8.12190817023431
CAGL0B00880g	6.82342420477206	6.73910899187068	5.2343807678437	5.52229897330318
CAGL0A03652g	7.45693876893531	7.55741096644718	4.43860845015048	5.03297921156314
CAGL0D04708g	9.22491400026407	9.68662232126208	7.13721378586135	7.29001837153761
CAGL0C02519g	4.6242181903696	5.07052248440304	2.79749717007898	2.71842939503107
CAGL0E04158g	4.72954833708635	4.56183088571455	3.38681779403154	3.14269792247373
CAGL0C00737g	7.78130976584466	7.83220291036255	5.41127904145132	5.8801539752762
CAGL0I09009g	5.07616260375905	5.01591661069688	6.77085910642219	6.43869705793905
CAGL0D04092g	6.83695736879597	6.60063305789123	7.99802310325995	7.88497281083011
CAGL0I08393g	8.76863643542576	8.72100262911226	7.29053914729713	7.56963849448841
CAGL0C02981g	7.25500494908619	7.4788365448901	6.21870135646166	6.08531893575062
CAGL0F03333g	6.20479500216868	6.39847639982499	5.15848285830893	5.28273366385156
CAGL0M02981g	5.33649217070426	5.6023012953175	6.81647161003152	6.72616159316195
CAGL0E01837g	5.97317060455622	5.98526366170499	7.24955726676175	7.00419429126602
CAGL0K11638g	-0.131598233819325	-0.0825983662826858	-1.11073832654777	-1.34535147893351
CAGL0E00781g	9.23197371393168	9.21482965412412	7.74320789642178	8.03174787775223
CAGL0F06523g	6.94088185641646	7.09790354266165	4.92856148318307	5.31367201698914
CAGL0M06633g	4.82770888433227	5.04347788553764	6.02636697552807	5.96054805223634
CAGL0E05500g	9.27175432544673	9.33865330859975	6.60401257199859	7.13697751028875
CAGL0F07513g	1.72875759408532	2.29180615945811	4.88640898148118	4.65223191156516
CAGL0D05588g	7.18265103868542	7.10227839971482	4.92022893595113	5.35391738942385
CAGL0E03289g	9.11673233532198	9.01759864207978	6.68000941622524	7.14560095095425
CAGL0K02387g	7.20630571986	7.11098851463609	4.87782864714327	5.32383910015349
CAGL0B02387g	3.96248262608642	3.72436511318402	5.09327018467831	5.26173324362885
CAGL0L04928g	8.02690867077175	7.93019790784728	6.59880089639896	6.85443701840188
CAGL0F06369g	7.13961610655167	6.89096043392586	8.16247872167647	8.15787314428483
CAGL0H08305g	6.23577516977968	5.92232572291057	8.37859492396896	8.02553202894128
CAGL0J08547g	4.12574994277969	3.91547736599655	5.16555004934993	5.05755740086121
CAGL0B03531g	2.44603938756132	2.35182761784619	3.33760805562211	3.54157296121984
CAGL0D04180g	7.6437048794951	7.55900327531335	4.92856148318307	5.45913118805277
CAGL0E02013g	11.5847256461017	11.3848793124729	9.6213095728596	9.94169602473487
CAGL0A01540g	11.1906924515636	11.0567808871564	9.50215022881955	9.7986692645396
CAGL0E00803g	4.03472782866859	3.335872643271	8.25483506044818	7.60550208157477
CAGL0D03674g	8.56414256204344	8.51083119496208	6.56445821202398	6.95598204378928
CAGL0J05698g	6.69183025163107	6.72782773925825	4.61417486023372	5.03297921156314
CAGL0J03476g	8.13767528193131	8.28508083150853	5.16555004934993	5.76547987432319
CAGL0H08261g	1.84047026406673	2.29180615945811	4.06814967365542	4.08649946494714
CAGL0D02090g	11.7799625688336	11.5974663802371	9.9249617951142	10.2345822493834
CAGL0M02497g	11.3554949037073	11.2449895111813	9.97409140891834	10.2159376979512
CAGL0M01430g	8.02985769957328	8.01617338314839	5.27415613009379	5.83110163345628
CAGL0J09746g	7.4656768309437	7.44306709431264	4.95327420182514	5.45913118805277
CAGL0K07854g	4.96961673561115	5.25472577968419	3.69102615659326	3.79645772542772
CAGL0L13398r	14.0751141352857	14.1781823409684	11.0613801794593	11.6770186736734
CAGL0J08954g	8.26577590629756	8.21712065337355	10.4165006415476	9.97795986951132
CAGL0C05379g	11.2108098939083	11.0189559385271	9.81408956789373	10.0015071089278
CAGL0J04972g	4.6242181903696	4.37197815202725	3.36242273016521	3.35587683532218
CAGL0M02695g	12.2925500232605	12.1716535071639	10.5817972377601	10.8950670117701
CAGL0J05786g	6.71766447541318	6.69344483580707	5.51452005748379	5.75048284731388
CAGL0J02354g	12.7435770513873	12.6695060733092	11.4006177438635	11.6527740664164
CAGL0G00990g	11.3441372724291	11.2249431798519	9.87436956141048	9.53876609528136
CAGL0L06622g	6.42687364925944	6.0134110597547	8.03804250653081	8.12336411565941
CAGL0F06897g	7.24234788934588	7.17883869939352	5.7156916179322	6.01175840227473
CAGL0M12122g	8.57931915905111	8.67695383961826	6.37014708566304	6.82252546727897
CAGL0J09416g	4.90683772493554	4.76312253441129	6.15621324945401	5.92759320949051
CAGL0M02409g	7.62237205099688	7.48051792986148	5.1298627276129	5.60799529350404
CAGL0K10906g	11.1692878777151	11.1474180082558	9.96348635465466	10.2022250644084
CAGL0I07689g	6.81660971780759	6.61294965375483	5.30007658340264	5.51344257908612
CAGL0G02695g	5.60519903114207	5.35345433821739	6.70204917428965	6.61877433769334
CAGL0G05940g	11.5254946576239	11.4187077874249	10.2339928068096	10.4621906473275
CAGL0D05214g	10.6133208945891	10.5838963645605	9.47289450207554	9.69673628138179
CAGL0B04961g	7.92920850592605	7.9016174306898	6.37320273634177	6.68731438529963
CAGL0M06941g	6.32970780356763	6.34410247077374	4.29131719485826	4.71538017997059
CAGL0I04328g	7.11760747454915	7.2495692678679	3.48047103931901	4.24470148056442
CAGL0L13090g	5.82485384566146	5.97575782215477	4.91184798286716	4.71538017997059
CAGL0K02211g	7.32630361839739	7.41168547975912	4.05298565216751	4.74594715391412
CAGL0D04400g	-3.15475877051776	-3.15475877051776	-1.11073832654777	-0.567402122361454
CAGL0L01023g	-3.15475877051776	-3.15475877051776	-1.11073832654777	-0.567402122361454
CAGL0M11044g	-3.15475877051776	-3.15475877051776	-1.11073832654777	-0.567402122361454
CAGL0C01441g	7.94178902906525	7.80964042842964	6.04947275765315	6.41035235839619
CAGL0M04279g	7.99255434869221	7.91162281299904	5.1298627276129	5.72001284247874
CAGL0M13651g	7.05818475714064	7.24364069892522	8.53275248129747	8.30498044752195
CAGL0M12969g	4.03472782866859	3.60612235751091	5.65672574961462	5.64089755384452
CAGL0I07799g	8.2005319748986	8.16160733978351	6.42418240238998	6.78989205449321
CAGL0L11638g	8.26201862748924	8.2831553634406	5.01717717624356	5.7045330673696
CAGL0C04609g	5.38336114582533	5.49991222734367	6.93907356212887	6.64739213082324
CAGL0J06374g	10.0175564683819	9.93215926059082	8.62600534344269	8.89404331465207
CAGL0J03344g	7.24234788934588	7.29040079559645	4.52906066721971	5.10549219474854
CAGL0H01177g	5.81120612627471	5.38252143573153	7.46680009002495	7.40701080883392
CAGL0K02233g	7.96816385481965	7.91908157453113	4.8517771422267	5.50453148138616
CAGL0G08173g	12.6048628642925	12.4329138020642	11.1709009326382	11.4001222021242
CAGL0L11594g	6.71400207460486	6.71360097869148	4.58284252794623	5.03297921156314
CAGL0G01738g	3.31984075952756	2.46486167931455	6.53747301614313	6.45728879382265
CAGL0G07535g	7.86955258676447	7.91037592836654	5.24108661599246	5.80230425480907
CAGL0M09801g	6.66172760879744	6.57253014061386	4.84298770894044	5.20785455470537
CAGL0G04499g	6.72496150256525	6.96489276704306	5.46382285910336	5.64900719573324
CAGL0C00451g	6.41789663379806	6.16748477653208	7.7145830075153	7.52627193616151
CAGL0M09229g	6.53045439054237	6.7193085291441	7.92909984609569	7.71963246063066
CAGL0E05478g	8.0876066551913	8.03917346032637	5.10066332078584	5.73532828496795
CAGL0K03861g	8.40289040379845	8.35457468768924	5.95881649502421	6.47564398660514
CAGL0L06754g	9.28044745231408	9.21735269597668	7.58220686507289	7.9322564188115
CAGL0H06545g	2.76200958898505	2.35182761784619	4.84298770894044	4.53460032681521
CAGL0H02673g	6.29089997072085	6.32924985770051	4.75201626117092	5.08172387303521
CAGL0K01991g	8.64426228568318	8.59239996591785	5.76305321095108	6.37656395499123
CAGL0H05709g	8.35431103311956	8.34537696163463	4.9450835743507	5.68099745107866
CAGL0B02431g	6.72131760245109	6.46113043888422	8.14470737964395	7.91890420532925
CAGL0J05984g	8.4310486797071	8.40502560746455	6.19817125536306	6.67545327557436
CAGL0J00891g	6.93145081593999	6.96248843419056	4.34210358143928	4.90338537733407
CAGL0M09845g	7.88917203308279	7.87373937244711	5.49781815964431	6.01175840227473
CAGL0A00341g	2.81767433060629	3.11119868855207	4.41508065431195	4.2659494632556
CAGL0K10780g	10.6034569841935	10.6876162160915	7.95991378406287	8.53570724959555
CAGL0G03289g	5.17537810981104	5.48658714458496	9.11825229113524	8.34795862618798
CAGL0B01485g	6.32970780356763	6.39847639982499	4.67486915097165	5.03297921156314
CAGL0J07612g	7.6437048794951	7.72564623710895	9.15066729116189	8.8454689531425
CAGL0G02409g	7.86955258676447	8.01385307885908	5.76305321095108	6.21661585013928
CAGL0F06501g	6.77503269008921	7.08690800511116	5.37515562892067	5.54854654994876
CAGL0J11220g	12.1312267274253	11.9816316103333	10.6344790264868	10.9071622196153
CAGL0L04840g	11.9448866433701	11.7911214703439	10.3880819605211	10.6734698737949
CAGL0I07865g	4.10352711413802	3.335872643271	7.13361442606059	6.87532586514406
CAGL0D03454g	7.4656768309437	7.66926344700173	6.52103624665987	6.33695408252003
CAGL0L07744g	5.6287318852236	5.33126312018686	6.94524649531593	6.78622013099816
CAGL0D00836g	7.77605034115343	7.73130642578863	5.90493816020111	6.30651626414045
CAGL0M03905g	7.86460575109873	7.85830300020095	5.0249696405565	5.64900719573324
CAGL0L12672g	7.96354437271205	7.96784486592358	6.0871785996221	6.49826437224609
CAGL0H07183g	6.73222180764221	6.60063305789123	4.77991502288362	5.17453427740142
CAGL0H08019g	7.20369649361438	7.20754837219372	5.20037585730641	5.64089755384452
CAGL0M01804g	9.24090912774369	9.25958277659982	7.97909427396043	8.25405186580293
CAGL0K11748g	11.7647754940285	11.6824629695775	10.2914517083911	10.593787845092
CAGL0M06325g	2.37360259203664	2.71387779670842	4.61417486023372	4.28688904275964
CAGL0J03718g	7.58275797883951	7.36511629900785	5.62118211506945	5.97352206235313
CAGL0B04169g	7.61453577798743	7.76894263616183	4.83414439876091	5.44987713192483
CAGL0J06512g	6.87353200592746	6.90605310818094	5.31286423707261	5.65707150659733
CAGL0C00759g	6.98713387088785	7.17883869939352	5.04809763431677	5.45913118805277
CAGL0K06457g	6.95646453385602	6.96489276704306	4.93684618050869	5.3833813717178
CAGL0H02607g	7.88429212801865	7.94488768772781	6.78927751740268	7.02615358183353
CAGL0A03740g	3.06772018956387	3.11119868855207	5.09327018467831	4.65223191156516
CAGL0D02970g	5.18599239155759	5.16556202174488	3.48047103931901	3.85371594717469
CAGL0J09460g	6.24087446470425	6.21269601679332	4.09800777110072	4.56919931844433
CAGL0K00473g	7.20369649361438	7.05114831547386	5.78616343198942	6.04286568741651
CAGL0J02530g	-0.630450033894426	0.444020586428941	4.17005648887852	4.17901278414035
CAGL0B01203g	11.3574036345703	11.230574295752	9.96829353758712	10.2335714630259
CAGL0J08613g	4.42356927456247	4.5994555241707	5.93005533577805	5.66509099040097
CAGL0F07073g	12.7402612745369	12.5653186793452	11.1072924987059	11.4073114292103
CAGL0H05247g	5.59726866385223	5.80376879355566	3.8040294279318	4.17901278414035
CAGL0L02321g	4.01104580710946	3.65458845963101	5.25440552136564	5.2722716646704
CAGL0A02090g	9.17050137296108	9.13860886154348	7.72657914177609	8.04102172329614
CAGL0J10164g	12.0996464354602	11.9781396667197	10.5978863783957	10.8957061360486
CAGL0D02706g	7.27751153742609	7.26526070196215	5.06331284996737	5.55719068556598
CAGL0G01628g	6.62319393623954	6.82895946165582	5.49781815964431	5.68888539482252
CAGL0M06369g	7.66282837378618	7.76756607091399	5.30648457847368	5.83821205050174
CAGL0H04873g	3.50077223688458	3.70147916538405	4.66492910293127	4.87600873173203
CAGL0L04950g	8.6248894297355	8.53530442954855	5.30007658340264	6.03669765772039
CAGL0H03773g	8.23160284116638	8.2696046489771	5.49220761429462	6.11489561218027
CAGL0E02673g	7.4503503145618	7.37780276332321	4.80728449891059	5.39307047965951
CAGL0I00814g	11.0081626740009	10.8705725557467	9.70493781436804	9.9470501773849
CAGL0K09042g	6.62319393623954	6.71645757642272	3.56841356999436	4.2659494632556
CAGL0M05159g	7.32630361839739	7.20957736593398	5.82238662656964	6.12655856721411
CAGL0M08118g	11.7627827324343	11.721999872672	10.4427350511555	10.7302311478466
CAGL0M00990g	6.92195771791839	6.66119072375395	5.59524674513264	5.71229371661334
CAGL0M13871g	8.62293775904507	8.55219198243312	7.24955726676175	7.54159895462608
CAGL0L02871g	8.70179209995447	8.57519260212242	5.60567690840166	6.2858616644084
CAGL0L03872g	7.61257004096796	7.58736834214046	5.20724126256424	5.75048284731388
CAGL0L07832g	6.34872714552813	6.40910952426127	4.36684171042913	4.81964585106968
CAGL0F00869g	3.63077182679058	3.76907584298613	4.86051335112445	5.16325428236467
CAGL0F02563g	8.52287334096991	8.22917214077973	6.33296537746745	6.70686873931372
CAGL0G02079g	12.5015675710066	12.3858587039505	10.5755099946006	10.984704234468
CAGL0J10384g	11.6040234191527	11.5523140464907	10.0264632249844	10.3735119452978
CAGL0H00462g	12.6984186273735	12.57228345213	11.2629423760591	11.548255276846
CAGL0L08044r	3.06772018956387	3.30584030544436	1.14855368555164	0.602788650376443
CAGL0J00957g	8.52182633223339	8.57204182019812	5.76770496587696	6.40077900641752
CAGL0K08734g	4.82770888433227	4.63612382215015	6.73567770005062	6.31673372260884
CAGL0K07205g	5.65952355598621	5.85651635765842	3.9088207248284	4.28688904275964
CAGL0K07634g	-0.131598233819325	-0.441560345964067	1.14855368555164	1.40258046405583
CAGL0L07612r	0.532575515657045	0.988733932141446	-1.11073832654777	-1.34535147893351
CAGL0E04433r	1.94415087610097	1.49390997648438	-0.0156447074691969	-0.0647610732828627
CAGL0C01397g	1.32992056719532	1.9473295769995	4.15593172410843	4.01300065903049
CAGL0H07271g	4.57661105989873	4.80666582297736	1.25839903504615	2.01795901694533
CAGL0D03982g	6.50947978681143	6.51462670076578	8.14202269606556	7.77069665428155
CAGL0L12408g	7.23980309747511	7.24165908295899	5.59000324916176	5.96704964149016
CAGL0J00869g	5.2173745770571	5.73218087246509	2.90274708523797	2.37161330117402
CAGL0D03124g	8.31616815678424	8.29371377740308	5.52554819430621	6.16665204534915
CAGL0F02541g	8.05902110878823	7.98452994798523	5.38123935940599	5.98638043763337
CAGL0M06787g	6.61536213832076	6.74191557519341	4.62446955774677	5.08172387303521
CAGL0K10604g	4.01104580710946	3.58126474198864	5.4465200158328	5.45913118805277
CAGL0H07249g	8.03720400578519	8.01617338314839	6.32982320966789	6.71847538372636
CAGL0E01595g	6.21000478296706	6.02728146548202	4.36684171042913	4.73074461981127
CAGL0I04730g	8.32339718473927	8.13516501308847	6.02636697552807	6.50274619817662
CAGL0F01793g	8.36835857063879	8.07522750912326	7.08970675723284	7.04471341115405
CAGL0F04631g	-3.15475877051776	-3.15475877051776	0.219834940502409	1.24029449665583
CAGL0L11176g	6.4795934147196	6.60063305789123	4.55081458753437	4.99530853271392
CAGL0F01683g	10.9282317797526	10.8887308426217	9.35110211722678	9.70648294342671
CAGL0B02755g	4.63974441418227	4.51008792604478	5.95881649502421	5.66509099040097
CAGL0C03311g	3.75001947721778	4.03012854098008	5.20037585730641	5.04532064576305
CAGL0G03575g	11.8047091924644	11.6624195205644	10.3984297847863	10.6752080909572
CAGL0K00803g	8.61902647912981	8.59473060314609	10.0493287057464	9.7171287619651
CAGL0J05302g	5.87818917849646	5.63889824374932	7.31139836576269	7.02926351516812
CAGL0J01848g	9.27672823871908	9.39010164217908	6.16329153990798	6.8993199662575
CAGL0I01496g	7.76724179982534	7.34495225643512	9.27635990780148	9.15829989107094
CAGL0G07975g	6.86695066863989	6.85252317575435	5.09327018467831	5.50453148138616
CAGL0K01353g	5.65952355598621	5.89232472289681	7.00753306810036	6.82252546727897
CAGL0L08118g	11.3313455203182	11.2770275125893	9.87113096938933	10.1994668276153
CAGL0M12408g	11.3566698061383	11.2732736581204	9.78139746048614	10.129826179087
CAGL0H05643g	10.663078755032	10.6251435928985	9.27880609384578	9.5938926626009
CAGL0J03080g	1.16802808868797	0.828976979430285	2.56071933383872	2.37161330117402
CAGL0K07414g	12.1840544673421	12.051732775677	10.7090792488423	11.0128634040044
CAGL0H05973g	4.86781574331284	4.80666582297736	3.15081588209078	3.54157296121984
CAGL0H08580g	6.71766447541318	6.72499358849202	5.56349603842434	5.83110163345628
CAGL0D00858g	10.7223862567398	10.6546716666239	9.52774261623073	9.78861049941396
CAGL0G02167g	7.01418966053522	7.01215665060604	5.57945873586402	5.91419756664059
CAGL0G06490g	11.4167643091426	11.3463249067384	9.93249053282571	10.264581153347
CAGL0H07975g	8.60624108647484	8.6450745268911	6.0722143100588	6.67545327557436
CAGL0J05962g	4.57661105989873	4.34269567434702	6.21870135646166	5.86630837429778
CAGL0J06088g	4.98185125083481	5.23891871109597	4.00651314635212	4.11018988051186
CAGL0H10032g	6.99319026974043	7.0891138270637	8.31962648126618	8.03484578805422
CAGL0I07667g	6.99016524838878	7.16635747713906	4.9695172608569	5.44056333294513
CAGL0E01991g	11.6082221778603	11.4978375901051	10.2206952842817	10.5152805045608
CAGL0B01419g	7.3524521375766	7.11964635860509	8.64129475001632	8.39211121910567
CAGL0H08393g	6.63486248878795	6.46453270383848	4.9450835743507	4.48109447043584
CAGL0E01353g	9.83782190925181	10.5536663981563	7.5528621859352	7.55244798129138
CAGL0F01727g	6.64643742248509	6.99578983959184	5.30648457847368	5.46832626288109
CAGL0M10241g	10.84067534929	10.7354000027646	9.3714917841305	9.69085652009528
CAGL0M10527g	7.51912236316124	7.38320585346553	5.41127904145132	5.8801539752762
CAGL0L08976g	6.74663371709628	6.82367040047717	4.17005648887852	4.7906165700815
CAGL0E01573g	7.70955665164806	7.84661635629234	5.43486841182986	5.97996557537586
CAGL0H08173g	5.45532160178245	4.69523966138166	7.85124960490818	8.02708850366262
CAGL0B00352g	7.72054977279794	7.68684786058505	5.24108661599246	5.83110163345628
CAGL0J00209g	5.6287318852236	5.7929838424951	4.48454332454133	4.73074461981127
CAGL0J07458g	6.61536213832076	6.64028345632002	4.86051335112445	5.28273366385156
CAGL0B01573g	5.89769231318472	6.04557030786175	4.80728449891059	5.04532064576305
CAGL0M06882r	1.84047026406673	1.13255067131676	-1.7975075214167	-1.34535147893351
CAGL0G05742g	7.18265103868542	7.14319095932171	4.11270824293864	4.84810252041831
CAGL0F03927g	10.3630300684908	10.3142199231231	7.14617309284678	7.91722645612777
CAGL0H08283g	7.68170169116358	7.23967474139696	9.31103166509506	9.12088871338829
CAGL0I09790g	10.0513274083076	10.0839307263204	7.23954592933783	7.92392577800315
CAGL0L10516g	8.49753299819742	8.5157591668313	6.24228963388943	6.78989205449321
CAGL0I03234g	9.35876204677666	9.33494045063915	6.8993527393846	7.49286953011253
CAGL0H07205g	7.07826551051517	7.01911455522282	5.41127904145132	5.80230425480907
CAGL0F01045g	11.0628152147088	10.9699742230385	9.56095123635281	9.90068144304399
CAGL0I07975g	8.52705379395051	8.56334152010005	6.06088834346896	6.66749134472467
CAGL0D02816g	6.51369917362877	6.5693735322513	5.405320935449	5.67306614275058
CAGL0G05764g	6.16242529199719	5.86683833154275	4.51805945001719	4.76099115895335
CAGL0G10109g	7.62822144881987	7.53654941773461	5.50897421446202	6.01175840227473
CAGL0K05973g	9.99547542607227	9.82076026006951	11.6268471619995	11.2375432775359
CAGL0L08114g	11.2140546698434	11.1165278370352	9.41291199744984	9.83377745522605
CAGL0E03850g	8.74280846043877	8.41561074778502	7.28243537441038	7.06303750343627
CAGL0M05885g	5.54050088353667	5.49326507012334	3.23384736584631	3.79645772542772
CAGL0H03685g	10.3076085575381	10.2096334992812	7.84466014063201	8.43495258505161
CAGL0A04499g	5.09880764737628	5.46636587627662	3.23384736584631	3.60963851388562
CAGL0L02849g	7.92762819884718	7.93265661509347	5.60047125253505	6.17790560878837
CAGL0F06589g	1.32992056719532	0.828976979430285	2.86850989361044	2.8367532248438
CAGL0G01078g	11.5722634975723	11.412115381136	10.2960879197104	10.5492575016933
CAGL0F05115g	9.28785723852645	8.99718863540028	8.11398443747048	8.0593924671763
CAGL0J10296g	6.11322297674486	5.7821176602734	7.14795829693798	7.28482320169027
CAGL0I06424g	6.24087446470425	6.04101978678476	7.33666401206201	7.10785465303796
CAGL0I08305g	5.18599239155759	4.71822401685692	6.87584651640739	6.65546544933162
CAGL0G05357g	4.7582822824627	5.20677531297118	6.56979520559505	6.55114867610344
CAGL0L08756g	8.17545065478057	8.15319840832371	5.42900713067893	6.11489561218027
CAGL0B04081r	-3.15475877051776	-3.15475877051776	-1.7975075214167	-1.34535147893351
CAGL0D06666g	-3.15475877051776	-3.15475877051776	-1.7975075214167	-1.34535147893351
CAGL0F08349r	-3.15475877051776	-3.15475877051776	-1.7975075214167	-1.34535147893351
CAGL0G04301r	-3.15475877051776	-3.15475877051776	-1.7975075214167	-1.34535147893351
CAGL0G07166t	-3.15475877051776	-3.15475877051776	-1.7975075214167	-1.34535147893351
CAGL0M12056g	-3.15475877051776	-3.15475877051776	-1.7975075214167	-1.34535147893351
CAGL0E05280g	5.13212238848821	4.82795435000422	6.0871785996221	6.04286568741651
CAGL0M06303g	10.2787685502325	10.0526245286233	8.81651613984356	9.08023421761063
CAGL0M10439g	6.71766447541318	7.05792112235316	8.11398443747048	8.06546443004783
CAGL0F08525g	7.79524187640567	8.04145342869239	6.29157350524619	6.63110868166434
CAGL0H10120g	3.15674657462245	3.74689367558251	5.49781815964431	5.47746310349266
CAGL0I05148g	6.66931235918949	7.09790354266165	8.3709722475469	8.36652002844316
CAGL0M00814g	12.6429801180401	12.4689327485731	11.2139320811141	11.509112273055
CAGL0M00176g	4.63974441418227	4.95916232601218	6.50997343318802	6.19462305510937
CAGL0K06259g	8.31254001362167	7.82560343625094	9.75557810288578	9.91125564513161
CAGL0J11286g	6.47093948902104	6.6281989891173	3.58958639507618	4.32787791751341
CAGL0J06820g	5.45532160178245	5.27811631628209	6.61953558031846	6.35193551531822
CAGL0G07227g	12.0035365008064	11.8277435851533	10.5670285571668	10.8642689329684
CAGL0D03410g	4.91961397706478	4.706777610661	3.58958639507618	3.82537087838154
CAGL0G06248g	7.94959650877145	8.19987352147165	4.88640898148118	5.66509099040097
CAGL0F01023g	7.84966264970604	7.89532864567744	4.74259548210915	5.5398503092727
CAGL0F00407g	9.35758884768287	9.38741550847221	7.94458908131527	8.30498044752195
CAGL0D00616g	11.3855917582974	11.2536191724178	10.0512377776715	10.3472742253376
CAGL0I04620g	5.70451283058938	5.43202087931289	6.61179495397904	6.79720798270257
CAGL0B02970g	4.6242181903696	3.83364656633926	7.1245765419582	6.90271534966134
CAGL0F07645g	6.09644211182038	6.15490450907456	3.56841356999436	4.22313587424269
CAGL0A03278g	12.458441353944	12.2807390696643	11.063273380895	11.3511007577994
CAGL0F04433g	9.08305610199971	9.07659563264304	6.83210128879967	7.4093997759995
CAGL0C03630g	8.07766601281881	7.93142778525056	6.72853728299345	7.02303693011247
CAGL0K01089g	6.88985518496364	6.67594113511341	5.19347762511843	5.54854654994876
CAGL0G04411g	8.25321340158964	8.25690684844555	6.29801929532502	6.80085208148335
CAGL0M12474g	1.72875759408532	0.828976979430285	4.48454332454133	4.28688904275964
CAGL0J03883r	5.00601335487221	4.76312253441129	3.94212532929544	3.76695325102773
CAGL0A04015g	9.98031065555671	9.99084970596397	7.33979133206458	8.0239738731784
CAGL0L11660g	7.95736196380986	7.96664565776896	5.12261809325032	5.85933542409323
CAGL0E05918g	4.21136854609608	4.51008792604478	5.39933812132012	5.52229897330318
CAGL0L03135g	5.30762206146043	5.61460371782947	6.51551544382312	6.62700893948292
CAGL0L13409r	6.39977326919959	5.70367266833848	3.17902735722749	2.52048280337315
CAGL0E03366g	-0.131598233819325	-0.920515246448098	4.23867756653347	3.23178365508952
CAGL0K01961r	5.05315643985143	5.25472577968419	2.47229182135762	1.54844307304786
CAGL0B03899g	2.76200958898505	2.6193643057511	3.83981229211808	3.57600711221163
CAGL0H05841g	3.80613985146084	3.95471555294918	5.04042942575332	4.77587990705757
CAGL0K05929r	0.776823257380426	0.988733932141446	-0.297202999807985	-0.0647610732828627
CAGL0J10890g	7.82949465907741	7.73835057546002	4.84298770894044	5.60799529350404
CAGL0G05379g	6.37679413572685	6.29526162841913	4.95327420182514	5.30343277466488
CAGL0G07843g	8.79227448756411	8.77200780009896	5.90493816020111	6.65948522969529
CAGL0J10912g	7.05529312472929	6.93331948783034	4.03766054856872	4.80520422366177
CAGL0H08195g	8.84345677275549	8.36462491552386	10.3511718127262	10.1908131912406
CAGL0L00341g	8.52705379395051	8.57519260212242	5.79530485175546	6.52494883049604
CAGL0M03861g	11.778538703829	11.6572254736394	10.425911793809	10.7459117391362
CAGL0K08536g	6.03905285280992	6.27989485528585	7.33822851944686	7.12248956621747
CAGL0G08844g	4.86781574331284	4.536191366751	5.78616343198942	5.83821205050174
CAGL0H06985g	7.60468019884989	7.51538177690606	4.66492910293127	5.43118901471619
CAGL0D00550g	9.21069008151281	9.1634194546303	7.09156317285121	7.64658391985092
CAGL0J10032g	8.28811637878672	8.39881488558802	5.55275526616989	6.29105310279676
CAGL0K06061g	10.5942724308009	10.3569520912712	9.26571157614705	9.49894065792225
CAGL0M08822g	6.42239212383221	5.51967189212068	8.85418308317501	8.93772906583035
CAGL0C00275g	5.81120612627471	6.41966485220099	8.18090598682322	8.0593924671763
CAGL0H10406g	7.61060162188836	7.56218263040949	5.76305321095108	6.24898892124614
CAGL0E01771g	4.6242181903696	4.28228499656481	3.20669772950086	2.94610391976124
CAGL0J09086g	11.6021671337146	11.4365748291381	10.149856772142	10.4858704502753
CAGL0L08110g	10.9627835270881	10.8307571542079	9.72421161738274	10.0145119080411
CAGL0C01639g	7.85964189492332	7.89027780533116	4.55081458753437	5.45913118805277
CAGL0M02079g	5.33649217070426	5.03434917261175	6.25890535993049	6.15531000931474
CAGL0G02057g	3.63077182679058	3.89545068005109	5.50340697045207	5.09365698106298
CAGL0M04719g	6.56745694940579	6.59753740891028	3.8040294279318	4.56919931844433
CAGL0M04873g	11.2459487525117	11.0260251302449	9.82249749305719	10.1203787146945
CAGL0K06567g	10.9117400708081	10.799442015873	9.37721050825208	9.77060485082974
CAGL0I05874g	6.80632725241674	6.39847639982499	8.1473870766241	7.93391678999482
CAGL0G01826g	12.0795073712073	11.9518665496218	10.4850141184252	10.8912263087901
CAGL0G05247g	4.44139798608415	4.92992536675145	6.19472098757384	6.21661585013928
CAGL0L06864g	4.36872179444975	4.88999761683705	6.28833977830582	6.52934864647565
CAGL0D05874g	7.61257004096796	7.53654941773461	5.50897421446202	6.07933013592718
CAGL0G02739g	-1.39923509755722	-3.15475877051776	3.06271228316653	3.23178365508952
CAGL0L07128g	5.25818303935294	5.61460371782947	6.56712917671535	6.53810822727535
CAGL0L01947g	5.74096104261613	5.49991222734367	6.7638911249507	6.53810822727535
CAGL0J11154g	7.84129355648285	7.72564623710895	4.32957360604185	5.29312034157977
CAGL0D02134g	1.94415087610097	1.49390997648438	3.74863392314112	3.35587683532218
CAGL0M04829g	8.81210956214964	8.79583721316943	6.26220566406127	6.97546070544357
CAGL0J04004g	2.9229473871225	3.50401392861655	4.9695172608569	5.05755740086121
CAGL0G08778g	6.24087446470425	5.87197175615118	4.60380617415067	4.83394434687304
CAGL0J11088g	4.6551053229573	4.63612382215015	3.38681779403154	3.73683276230435
CAGL0K09504g	3.5993535499548	3.76907584298613	5.0249696405565	4.68415152639566
CAGL0H00528g	3.80613985146084	3.45011521524251	4.81629347703764	4.71538017997059
CAGL0M00638g	8.50072498914829	8.56571953740024	7.0615700000925	7.47016372861977
CAGL0K00341g	3.63077182679058	3.55597131001397	4.46175869829212	4.7906165700815
CAGL0M06809g	5.55694945474463	5.77665372327758	3.7673364270548	4.2659494632556
CAGL0J04884g	2.29733563424668	2.6193643057511	3.58958639507618	3.85371594717469
CAGL0I07887g	5.00601335487221	5.22293652997087	6.3640162997499	6.07331637221466
CAGL0M13519g	8.72654158015382	8.70455161724456	5.54735474380857	6.45266327296033
CAGL0I10054g	4.16919429459804	3.76907584298613	5.18654625056757	5.17453427740142
CAGL0G02013g	6.13529808706844	6.30668023895817	5.31286423707261	5.00797503303144
CAGL0L04026g	6.97188069833056	6.94554496570317	4.42689251377429	5.15188539700443
CAGL0M01870g	-0.131598233819325	-0.0825983662826858	1.25839903504615	1.80221746829983
CAGL0M09757g	6.1784601061179	6.24866138194224	4.18404430428676	4.76099115895335
CAGL0I05654g	7.20630571986	7.31511029607806	5.36904613514666	5.90067637657425
CAGL0L07480g	4.86781574331284	4.86961156047893	5.74429473559194	6.09128297808495
CAGL0G02783g	5.70451283058938	5.79838639594338	4.08315596410688	4.55200354010828
CAGL0I03608g	7.70218109003944	7.77443579996391	4.65492009337838	5.5398503092727
CAGL0I01980g	5.7552863454056	6.09908559775349	6.94934715918794	7.00735187088754
CAGL0A01870g	4.29218940216377	4.51008792604478	5.60047125253505	5.32383910015349
CAGL0J03234g	11.9094980972609	11.7660936874923	10.4485409355195	10.8225281415264
CAGL0A00979g	10.2251003103083	10.0847600139706	8.69111995546917	9.08920251608567
CAGL0C02299g	5.33649217070426	5.3460951271879	2.60298028735104	3.39497749819872
CAGL0M10197g	8.61706685553092	8.60324420441498	5.65672574961462	6.51166829581635
CAGL0K06215g	7.58275797883951	7.65742029263839	4.52906066721971	5.42175338560678
CAGL0A01562g	12.0724632616507	11.8942176510204	10.733954847084	11.0529521462634
CAGL0J07986g	4.8140882743271	4.536191366751	3.36242273016521	3.64250374348493
CAGL0B02981g	5.60519903114207	5.20677531297118	6.59618798144372	6.58112567960274
CAGL0I06006g	7.72237384324006	7.72138647453007	4.92856148318307	5.74292546463796
CAGL0K06149g	11.6431859971513	11.5104425539842	10.2333623629944	10.6021658898285
CAGL0A01716g	6.57151036812969	6.60372207863315	8.81314488318513	8.16354524189633
CAGL0H07601g	0.776823257380426	0.649300680365324	2.05177563415656	1.68090305143546
CAGL0G10043g	8.00908677438513	7.88520921997229	6.1597567357011	6.67147780267051
CAGL0K03795g	7.31667632203866	7.30185779081545	4.59336242827401	5.39307047965951
CAGL0G05115g	6.94088185641646	6.783372021964	5.66173267469664	5.97996557537586
CAGL0E04884g	5.94219976566167	5.30872522222135	7.52977075332427	7.428370423144
CAGL0I02046g	4.1476356442731	4.01164162781397	5.7490072700281	5.2722716646704
CAGL0L12782g	5.79742806714528	5.95171553697414	4.41508065431195	3.82537087838154
CAGL0G02761g	6.72131760245109	6.77243292704768	4.82524654711021	5.39307047965951
CAGL0E03223g	6.32010327270553	6.49479733638874	4.4502300088648	5.00797503303144
CAGL0L07678g	7.57470294296633	7.45508905311689	4.14166730180207	5.14042620921146
CAGL0G03773g	7.47002609511411	7.62737995105827	8.74931215181877	8.42672135248962
CAGL0K02805g	5.0647053802468	5.43202087931289	6.31082511649124	6.31163403861952
CAGL0L05434g	4.91961397706478	4.44268507135506	7.00753306810036	6.46649558131286
CAGL0J01023g	5.61308604410925	5.46636587627662	1.92424733222231	2.99782043143885
CAGL0L01771g	4.45900905862451	4.40067808563561	5.74429473559194	6.30138027036708
CAGL0H04807g	5.96086193689199	5.96618893348533	4.2252119834892	4.74594715391412
CAGL0K11319g	4.5439771833306	4.94948235750277	3.6104529791731	3.57600711221163
CAGL0M11616g	7.67418196624602	7.75372769161027	5.92173143702318	6.45728879382265
CAGL0K09922g	8.3601808053786	8.34722120394604	6.54019436309501	7.08711311321825
CAGL0G05874g	7.26755193087976	7.39751594098784	5.99099927410378	6.37656395499123
CAGL0E05764g	7.42816892852302	7.47378060051274	5.63652245158352	6.1834996425195
CAGL0A02002g	1.84047026406673	1.26332154438656	3.23384736584631	3.14269792247373
CAGL0A02321g	7.6910465624627	7.27498188216747	6.09460293789065	6.29105310279676
CAGL0K03157g	5.07616260375905	4.7295803211638	3.94212532929544	3.85371594717469
CAGL0F03289g	6.52628379400146	6.65822245739841	5.06331284996737	5.51344257908612
CAGL0L03025g	6.98713387088785	7.100092629488	4.80728449891059	5.48654244286531
CAGL0M03399g	5.83837366822842	6.2005055214679	7.13361442606059	7.01678335496038
CAGL0K06039g	0.985645257471801	1.69267165019838	-0.647370660919956	-0.567402122361454
CAGL0L02893g	6.46223333981476	6.38417588327753	4.88640898148118	5.35391738942385
CAGL0C04323g	1.60766309498123	2.09512612194377	3.43440422648438	3.88151482570515
CAGL0D05104g	-3.15475877051776	-3.15475877051776	0.599672004136555	-0.567402122361454
CAGL0I01606g	7.33348216346021	7.4636152433779	4.95327420182514	5.7045330673696
CAGL0H03971g	4.25234485574562	4.706777610661	5.76770496587696	5.69673044559818
CAGL0G03883g	6.48390098881028	5.27036153150744	9.15200223818432	9.13322634354174
CAGL0A00627g	6.50524802353304	6.54708174579077	5.04042942575332	5.50453148138616
CAGL0I05934g	2.37360259203664	1.13255067131676	5.01717717624356	5.11723110720189
CAGL0K02937g	7.8056033703602	7.95942940001711	6.21189039916251	6.71847538372636
CAGL0D04972g	5.76947080187538	5.37530938026686	6.68247497122475	6.61463934394597
CAGL0I01122g	8.28194531375691	8.12981788876576	9.83584907583423	9.34146835381523
CAGL0A00847g	5.33649217070426	5.23094975175313	3.50296432498459	4.06241352648159
CAGL0L02167g	3.31984075952756	2.92617309825106	4.41508065431195	4.20124300406337
CAGL0L03003g	7.2089102356349	7.11098851463609	5.83130207989136	6.24364360466885
CAGL0K10898r	2.21681074355799	2.16370888186944	0.219834940502409	0.847934366182683
CAGL0I04015r	0.776823257380426	0.988733932141446	2.64403843839228	2.11482573259792
CAGL0L03982g	3.93757393774845	3.93522985459621	5.74429473559194	5.16325428236467
CAGL0M02937g	7.60270097793983	7.36693549554011	8.65830384709414	8.35044732101063
CAGL0E02937g	6.59559459347731	6.42665907631687	4.42689251377429	5.08172387303521
CAGL0H00440g	7.63404722603415	7.86861224473524	6.37625192878078	6.7639901381919
CAGL0M06919g	5.22768541930704	5.19862630367809	4.29131719485826	3.85371594717469
CAGL0M08888g	4.03472782866859	4.10179457014815	3.15081588209078	2.71842939503107
CAGL0I04246g	5.37410837076977	5.67458975569097	4.2652374502098	4.56919931844433
CAGL0J07722g	6.59559459347731	6.47469162122041	5.2343807678437	5.64089755384452
CAGL0B00484g	8.06909060420156	7.88901232745159	5.49781815964431	6.29105310279676
CAGL0F03861g	7.32630361839739	7.62889691721699	6.1668177045151	6.4937685798329
CAGL0J04026g	5.23792309329575	4.86961156047893	6.22548031028878	6.03050314425578
CAGL0E05192g	2.64379045786231	2.66739488100426	3.82203179654603	4.38725711284256
CAGL0L08426g	3.24059713040253	3.95471555294918	5.42900713067893	5.41225563835077
CAGL0M14025g	7.88266181803778	7.61518645514801	9.33434516570076	8.87688246376325
CAGL0H05863g	6.69183025163107	6.80500447906173	5.16555004934993	5.67306614275058
CAGL0M05907g	5.91693530673183	6.00875779798633	4.68474118128252	5.09365698106298
CAGL0K05665g	6.75734894923527	6.73629693804613	8.09652641688071	7.65466174973167
CAGL0F01815g	5.04151430229889	4.49685692861929	6.25559748872178	6.12655856721411
CAGL0E00363g	2.58083782765411	3.04000997079752	1.62940070251984	1.40258046405583
CAGL0M03025g	2.64379045786231	1.86733613974181	4.252018628137	4.17901278414035
CAGL0L06094g	0.776823257380426	1.49390997648438	2.93619057912011	3.23178365508952
CAGL0G00484g	6.53875958741732	6.60680449945948	3.43440422648438	4.48109447043584
CAGL0M05467g	3.91222762443787	3.60612235751091	5.405320935449	4.93025218223122
CAGL0M05819g	0.985645257471801	0.828976979430285	-1.7975075214167	-3.15475877051776
CAGL0L09779g	5.20698951315135	4.91009961647511	3.85737631715038	4.15643465502808
CAGL0J04202g	5.57321260324463	3.65458845963101	9.66964463100151	9.20648966383746
CAGL0C04933g	0.532575515657045	0.828976979430285	-1.11073832654777	-0.567402122361454
CAGL0L12012g	2.37360259203664	2.66739488100426	4.58284252794623	3.93555547078555
CAGL0M11902g	-0.630450033894426	-0.441560345964067	1.14855368555164	0.602788650376443
CAGL0I07931g	6.09644211182038	5.98051857109852	4.06814967365542	4.73074461981127
CAGL0E06292g	-0.131598233819325	0.649300680365324	2.11154731261246	2.29099125554544
CAGL0M08778g	1.94415087610097	2.09512612194377	3.3123590822449	3.96183517646202
CAGL0J11550g	1.32992056719532	1.38321778331552	3.12204171839963	2.52048280337315
CAGL0J02222g	7.50223424341321	7.36511629900785	5.09327018467831	5.88702726369126
CAGL0K10164g	4.29218940216377	2.46486167931455	7.84905645924717	7.70803515880089
CAGL0M12496g	6.52210110598183	6.84471128969079	5.80438871281314	5.5398503092727
CAGL0M07744g	-0.630450033894426	0.204607480278279	1.7843432485339	1.80221746829983
CAGL0I06787g	6.15163554172049	6.16748477653208	7.39495395983087	6.97223247046628
CAGL0K07183g	2.87127086412099	2.16370888186944	0.599672004136555	0.847934366182683
CAGL0A01366g	3.06772018956387	2.75890968577349	4.71395831812554	4.15643465502808
CAGL0L08668g	4.49359909715541	4.01164162781397	5.61086384828708	5.40269494963271
CAGL0I05676g	3.80613985146084	3.81244248771933	2.64403843839228	2.01795901694533
CAGL0I03212g	5.63649163348809	5.67458975569097	4.21161953259526	4.71538017997059
CAGL0K12782g	4.85457029045272	5.23094975175313	6.64251134696975	6.19462305510937
CAGL0J02904g	5.26820730934376	5.43202087931289	6.78009770443387	6.30138027036708
CAGL0M05269g	3.56723580090095	3.2438324109299	2.22413817695131	2.52048280337315
CAGL0D05720g	-1.39923509755722	-0.441560345964067	-3.15475877051776	-3.15475877051776
CAGL0K01727g	6.72131760245109	6.21673673167434	7.86867577163387	7.64860762147467
CAGL0J06666g	6.35814360952102	6.42316620277796	3.74863392314112	4.68415152639566
CAGL0B02948g	2.29733563424668	2.6193643057511	3.74863392314112	3.39497749819872
CAGL0L05170g	7.31425942618725	7.23967474139696	4.67486915097165	5.60799529350404
CAGL0L11198g	5.83162959405259	5.7929838424951	4.43860845015048	4.93025218223122
CAGL0M02915g	-3.15475877051776	-1.64249163686431	2.64403843839228	1.40258046405583
CAGL0E00517g	7.02309666548177	6.96008008769153	4.32957360604185	5.29312034157977
CAGL0K03201g	2.51501239946259	2.96512533755416	3.85737631715038	3.73683276230435
CAGL0J05060g	6.75021431115149	7.48889558624419	5.49781815964431	5.40269494963271
CAGL0H05093g	7.81246991999064	7.94488768772781	6.35477099298047	6.8993199662575
CAGL0K04631g	3.15674657462245	3.17903921830046	4.53997862950782	4.03791863366265
CAGL0M02343g	0.238376534629686	0.204607480278279	1.54520665078366	1.057411971469
CAGL0C01925g	6.44907480659694	6.42665907631687	4.4731959909328	5.20785455470537
CAGL0J04532g	7.00522732314744	6.97447022810579	5.73956675729565	6.20566136015989
CAGL0K00781g	7.29967240100787	7.3056566592816	5.80890928444917	4.90338537733407
CAGL0L09669g	7.20630571986	7.18090844535841	4.56156976398128	5.55719068556598
CAGL0I00286g	4.47640774169926	4.11916831968536	3.28666033689511	2.8367532248438
CAGL0K05863g	7.53373901941675	8.12767347754953	6.30763430185276	6.56835458622131
CAGL0K09702g	6.57958319909034	6.04101978678476	8.93239736973447	8.06091285539854
CAGL0I04576g	2.9229473871225	3.36529253063018	4.71395831812554	4.2659494632556
CAGL0D02948g	10.1690238664281	9.63810873582065	11.3216563189915	11.0449077838942
CAGL0I09724g	4.19043552465442	4.11916831968536	2.83344041366698	2.01795901694533
CAGL0E06600g	1.32992056719532	1.69267165019838	-0.297202999807985	-1.34535147893351
CAGL0M00946g	6.99319026974043	7.1705298937426	4.53997862950782	5.50453148138616
CAGL0M11088g	-0.630450033894426	-0.920515246448098	0.900060068287817	0.307284448438041
CAGL0L00759g	8.63557667860448	8.61553862315266	10.2546443904062	9.62557413395078
CAGL0K11572g	8.26827533356986	8.33333157613589	10.0840108842107	9.39669436917662
CAGL0K04466r	0.238376534629686	0.649300680365324	-1.7975075214167	-3.15475877051776
CAGL0F02849g	6.66172760879744	6.75586717348383	4.80728449891059	5.54854654994876
CAGL0A03102g	2.21681074355799	2.6193643057511	1.25839903504615	1.54844307304786
CAGL0L05720g	3.98696854522841	4.68360869296739	5.78616343198942	5.727690886944
CAGL0E04554g	-0.630450033894426	0.444020586428941	1.98942014675742	2.29099125554544
CAGL0M00484g	7.69476762813786	7.42746161226831	5.79074138226396	6.45728879382265
CAGL0B04279g	5.89122051902251	6.23677227047418	4.62446955774677	5.11723110720189
CAGL0D04026g	3.43109826527744	3.45011521524251	4.96141859095149	4.3479437626201
CAGL0H06897g	5.70451283058938	5.63286285877122	4.34210358143928	4.87600873173203
CAGL0J06864g	0.238376534629686	0.204607480278279	1.62940070251984	1.057411971469
CAGL0M08426g	5.69711137170256	5.09706942303946	6.75922703666981	6.53373508503535
CAGL0G09471r	-0.630450033894426	1.13255067131676	-3.15475877051776	-3.15475877051776
CAGL0L00495g	10.4484380100645	9.28193145812051	12.1975069770387	12.0689642880941
CAGL0E05984g	1.84047026406673	0.828976979430285	3.23384736584631	3.35587683532218
CAGL0L10879r	2.51501239946259	2.88613990999766	1.0296504262978	-0.0647610732828627
CAGL0H09614g	0.532575515657045	1.13255067131676	-0.297202999807985	-0.567402122361454
