genes,wt.max,del4.max,minus
CAGL0B02475g,10.148554306709,2.5713498710257,7.5772044356833
CAGL0A01650g,4.95151298817579,3.41954494035572,1.53196804782007
CAGL0G06952g,2.68444923971075,1.25266856750022,1.43178067221053
CAGL0K07546g,10.1070155870371,3.93868693969101,6.16832864734609
CAGL0J07040g,2.78764898222475,1.52311234753943,1.26453663468532
CAGL0A01243g,5.48377098957079,0.861299143063036,4.62247184650775
CAGL0C02739g,5.09903259334289,4.03347274330678,1.06555985003611
CAGL0I04554g,3.34470648743001,0.483953108847421,2.86075337858259
CAGL0D00990g,4.49148318320337,2.62336986790009,1.86811331530328
CAGL0L00737g,2.13431268336264,0.891062910249044,1.2432497731136
CAGL0L05456g,2.14486341561954,+AC0-0.164754935163953,2.30961835078349
CAGL0L04378g,6.08463674654252,4.94211766692674,1.14251907961578
CAGL0F02145g,2.25573984896782,1.13781281317135,1.11792703579647
CAGL0E05588g,2.93255063918513,1.74113610163226,1.19141453755287
CAGL0L12144g,1.78892408497219,0.667123242545729,1.12180084242646
CAGL0K04235g,2.76186927415114,1.86213118288052,0.89973809127062
CAGL0H02387g,5.64594704657274,4.50149308906273,1.14445395751001
CAGL0F07117g,3.93912766585101,2.9670752411179,0.97205242473311
CAGL0M12705g,2.37944213056163,0.920960628962783,1.45848150159885
CAGL0L06644g,2.23021579670282,+AC0-0.015578214679164,2.24579401138198
CAGL0I00748g,2.59952491368764,0.969381861048323,1.63014305263932
CAGL0C04939g,4.25927493779458,2.8051590303509,1.45411590744368
CAGL0J04884g,6.03571145222831,4.65518939722348,1.38052205500483
CAGL0M11660g,6.27188300966605,4.21118794951252,2.06069506015353
CAGL0G09262g,2.66307907136945,1.41317202257028,1.24990704879917
CAGL0J02508g,6.04877468998369,4.92646941522653,1.12230527475716
CAGL0K07524g,3.16153418413204,+AC0-0.120440552606216,3.28197473673826
CAGL0E05984g,11.3121174929829,9.80216822324734,1.50994926973556
CAGL0C00275g,4.26786252869291,3.33618687583503,0.93167565285788
CAGL0K10824g,5.53868960927682,4.60545619848812,0.933233410788699
CAGL0H08778g,3.34150977054184,2.356877491713,0.98463227882884
CAGL0G06050g,10.7048224164464,4.53585348752475,6.16896892892165
CAGL0C01551g,1.62047672985579,0.259997225752599,1.36047950410319
CAGL0K06237g,2.08482029293967,1.11373943448228,0.97108085845739
CAGL0M12925g,2.38939205413951,0.920446992948806,1.4689450611907
CAGL0L04686g,4.08996635804453,3.05670200326605,1.03326435477848
CAGL0H01606g,2.90365765911095,2.04137361651793,0.86228404259302
CAGL0G03289g,4.66882349398151,3.55825972391664,1.11056377006487
CAGL0D04378g,1.60720564932377,+AC0-0.035815252458425,1.6430209017822
CAGL0G08426g,1.65097139777775,0.764350194295713,0.886621203482037
CAGL0B02453g,2.04347677395584,0.402567717267216,1.64090905668862
CAGL0M08822g,3.1140599315519,2.06817355404019,1.04588637751171
CAGL0K12562g,1.59026076350701,0.592769424873923,0.997491338633087
CAGL0G03883g,4.653332508739,3.0973468912611,1.5559856174779
CAGL0J04202g,8.16842205676148,6.88288007274991,1.28554198401157
CAGL0H09218g,1.65327512049211,0.565932402275609,1.0873427182165
CAGL0I05148g,2.90084666324679,1.80588878428776,1.09495787895903
CAGL0L06622g,1.90028499918655,0.707490491879823,1.19279450730673
CAGL0G02057g,4.84390416989988,2.75023112605955,2.09367304384033
CAGL0H01177g,2.65895288928578,1.20825998988118,1.4506928994046
CAGL0K07678g,3.51506622985172,1.59824219656871,1.91682403328301
CAGL0C05027g,6.48767078017182,5.53798123735481,0.94968954281701
CAGL0B04675g,1.84555010828767,0.788831982055171,1.0567181262325
CAGL0M02915g,9.03093900060099,6.95612668631828,2.07481231428271
CAGL0L05258g,3.99375367475603,2.88472673482729,1.10902693992874
CAGL0G02695g,2.13447802389306,1.27426980794592,0.86020821594714
CAGL0F01221g,1.74883193875738,0.671417570491404,1.07741436826598
CAGL0B03014g,1.58861186783736,0.381637445855268,1.20697442198209
CAGL0H06831g,2.41807612858265,1.44628006527395,0.9717960633087
CAGL0C01397g,4.7462088461515,3.7584690784592,0.9877397676923
CAGL0G05984g,3.69364524281205,0.98748442748272,2.70616081532933
CAGL0I03872g,2.2066425055439,0.361069898634967,1.84557260690893
CAGL0K09372g,1.48970291188828,+AC0-0.081532581563363,1.57123549345164
CAGL0E00275g,7.20724566330318,5.48441636300018,1.722829300303
CAGL0M06347g,2.55822903179303,1.55379117756916,1.00443785422387
CAGL0E00803g,5.21806216995954,2.81807529313698,2.39998687682256
CAGL0K01683g,1.68450978155819,0.734783829839284,0.949725951718906
CAGL0E01793g,2.32256153187522,1.27342543690544,1.04913609496978
CAGL0F04191g,2.62211343406723,1.36406584472493,1.2580475893423
CAGL0F04631g,12.5341466211766,11.3111197431746,1.223026878002
CAGL0I02024g,2.3718687484159,1.43003196788535,0.94183678053055
CAGL0I02530g,2.49699763360256,1.59460730205466,0.9023903315479
CAGL0E03366g,8.0665644613623,5.65791922498639,2.40864523637591
CAGL0F02387g,1.149891237861,+AC0-0.035175049410408,1.18506628727141
CAGL0M05137g,1.30791112831764,0.207726927366568,1.10018420095107
CAGL0K04785g,2.19579924109669,1.0480893842872,1.14770985680949
CAGL0B02970g,3.21982206777815,1.60737621156965,1.6124458562085
CAGL0B02981g,1.66255719135858,0.354138029769771,1.30841916158881
CAGL0M02871g,1.18035743724146,+AC0-1.0430574997184,2.22341493695986
CAGL0C00209g,4.6862925132091,2.21667302350643,2.46961948970267
CAGL0D04400g,5.8857734966431,0.72443117092332,5.16134232571978
CAGL0K03201g,2.15827507997144,1.22789094937417,0.93038413059727
CAGL0J00451g,5.28457332502896,3.99390500055082,1.29066832447814
CAGL0M03366g,0.510470749116436,+AC0-0.364689266345608,0.875160015462044
CAGL0L11990g,2.42696898020762,1.39310425318459,1.03386472702303
CAGL0M03305g,5.0316281302422,2.89620934351088,2.13541878673132
CAGL0A03586g,2.59299224424971,0.985233823638127,1.60775842061158
CAGL0I04576g,1.70728441883242,0.743536158745553,0.963748260086867
CAGL0J02552g,6.37576384932468,5.44137049756282,0.93439335176186
CAGL0I00726g,4.58472788396569,3.61337757860333,0.97135030536236
CAGL0H05995g,1.99606102292478,1.02985450839743,0.96620651452735
CAGL0L09295g,6.53012328283318,1.37728912555889,5.15283415727429
CAGL0B02926g,10.1694662099345,4.5856586139943,5.5838075959402
CAGL0D01254g,5.08900689138465,3.14170210169279,1.94730478969186
CAGL0I10147g,2.30845331602749,0.916026151876459,1.39242716415103
CAGL0K04257g,3.0990523803314,2.03102399157467,1.06802838875673
CAGL0K00170g,3.3862369214307,2.30684635780734,1.07939056362336
CAGL0B02904g,2.81551201921772,1.35928563395346,1.45622638526426
CAGL0M04213g,0.814193461126504,+AC0-0.138581873336431,0.952775334462935
CAGL0K13002g,4.21622887608574,2.81324479614397,1.40298407994177
CAGL0G02739g,10.6898620390453,9.0160796638989,1.6737823751464
CAGL0M08536g,0.94919974531622,+AC0-0.378237107484374,1.32743685280059
CAGL0I04015r,2.57051930005039,1.51295658055748,1.05756271949291
CAGL0M06889r,1.16485270540556,0.01493257310924,1.14992013229632
CAGL0K08036r,1.70863288333445,0.810598322091892,0.898034561242558
CAGL0B01100g,2.64377160382057,1.22489021782196,1.41888138599861
CAGL0A03905g,2.87243555203278,0.693588983917206,2.17884656811557
CAGL0L07194g,1.44710467265799,+AC0-0.208024154319285,1.65512882697728
CAGL0J07953r,1.70552605979224,0.550719696161462,1.15480636363078
