genes	pho80pho4vspho80	wtvswt.20min	wtvswt.30min	wtvswt.45min	wtvswt.60min	wtvswt.90min	wtvswt.120min	wtvswt.150min	wtvswt.180min	wtvswt.240min	no.pi.wt.sec.max
25	CAGL0A00737g	2.1319354374596	-0.108469924325251	3.32951912311049	3.88936800974212	3.94975622080373	3.35577437736957	3.32727580808494	3.74213121645728	3.14945636456451	2.49253094230586	3.88936800974212
48	CAGL0A01243g	4.9352582489505	4.38118159721109	4.72526949006425	5.01935258850014	5.02893230668529	5.11098056593267	5.15333934850738	5.47479742787242	5.64597929404987	5.48377098957079	5.48377098957079
59	CAGL0A01606g	2.8281621048467	2.61263807434851	3.38852146168588	3.56809509465226	3.66947633793763	3.86715183962414	3.99941387294684	3.87329876798609	3.77439848390652	3.725860007546	3.87329876798609
61	CAGL0A01650g	1.95389365154459	2.95521859955112	3.97375527404536	4.40067883204941	4.47731200014013	4.74400179452099	4.94266804145011	4.92489143950062	5.03165797614894	4.95151298817578	4.95151298817578
299	CAGL0B02453g	1.72199551969383	1.40735148769037	1.3881800429493	1.24579902514927	0.956216508470732	1.3853963833775	1.51547012554378	1.81063031090569	2.04347677395584	2.06610562129168	2.04347677395584
300	CAGL0B02475g	9.16327836639324	8.68278491067688	8.86349249487911	9.25391418451794	9.29229185865452	9.59727915986048	9.5620182007917	10.1012360255994	10.2849799179917	10.148554306709	10.148554306709
320	CAGL0B02882g	5.17203298062151	3.39684634420482	5.27795704571161	5.53156299838273	5.6880789601098	5.88404360057222	5.59714428994185	5.85179632536089	5.90039395379294	5.58060918900134	5.88404360057222
322	CAGL0B02926g	7.16026608303269	8.34019684941164	9.83435513430675	9.77277794598638	9.56408687290531	8.54263295857424	9.01632592475262	9.55775563020297	10.1694662099345	10.2102018552961	10.1694662099345
324	CAGL0B02970g	1.78988737545326	2.8230642437921	3.51309667087178	3.15992976496861	3.21982206777814	2.79017573804126	2.26569730222226	2.31563566601268	2.67277691098173	2.67527243848365	3.21982206777814
505	CAGL0C02321g	1.5897446496822	2.58098088775498	3.3622576076275	3.67426155811706	3.78447902192238	3.96038055048365	3.94726981873482	4.0060552312312	4.05906712294601	3.93368837652402	4.0060552312312
619	CAGL0C05027g	2.88649338298842	3.22727002178579	5.63735927627282	6.19962768682766	6.41903899297325	6.48384511743973	6.24638077503068	6.48767078017183	6.74035955885108	6.29534493517927	6.48767078017183
823	CAGL0D04092g	1.63357632577887	1.21216513583768	1.87327880038888	1.9444463312745	1.86137565159502	1.5374227648203	1.49078280187875	1.61841513819891	1.68688792506883	0.814440683159769	1.87327880038888
924	CAGL0D06600g	2.39101979504699	1.74510029147269	3.11761011710416	3.60273536956486	3.97416664892126	4.37018027704635	4.71335524146497	4.98007904305719	5.23558222895912	5.02646959472042	5.02646959472042
927	CAGL0D06688g	1.75840876892288	0.938756879399355	2.48346411166862	2.98699315851652	2.90661509531157	2.85431181966205	2.6731665882345	2.64785126933371	2.88605136266793	2.38293477767753	2.90661509531157
996	CAGL0E01793g	1.83086614756661	0.724611662787715	1.39634662472529	1.49300256630837	1.60749012948856	1.84007638951088	2.37875450551455	2.24046855061228	1.99567272086771	2.32256153187522	2.32256153187522
999	CAGL0E01859g	2.26079300246863	2.81472308947994	3.91771658390181	4.06985191285309	3.94875387645236	3.84844932589114	3.73553476138384	3.8429801226378	3.94958772753154	3.77300604388061	3.94958772753154
1000	CAGL0E01881g	1.88835122175414	2.51704641063331	3.6697168558968	4.05789781163229	4.05881457379119	4.22388138601561	4.30269578736872	4.58701439780366	4.81502040683357	4.53302072283931	4.58701439780366
1114	CAGL0E04554g	2.55113446360531	2.13849673220161	3.44225168151092	3.02075039616892	2.43414582798643	1.3100156076565	1.79516797434715	1.38403790009497	1.52898481108889	1.57568500454525	3.02075039616892
1176	CAGL0E05984g	4.32561761334149	1.97431917322156	6.34124743116762	9.58338616460622	10.2681477009141	10.8044269236356	10.9416769089763	11.3121174929829	11.8398611300503	11.2659033658748	11.3121174929829
1222	CAGL0F00605g	2.39609099390729	2.692956745305	4.42995354172911	4.66277279779455	4.29380234707911	3.98263479180594	3.62414590371639	3.42308387006361	3.69306996249693	2.8534457719644	4.42995354172911
1393	CAGL0F04807g	1.5808131620165	1.89017464246876	3.85158357761582	4.433924902365	4.44351028827023	4.62979144414103	4.26075476174311	4.54113099199904	4.90940573008593	4.20788449639103	4.62979144414103
1486	CAGL0F06941g	1.61428141840042	0.111258809389479	1.33187724410909	1.76919128629477	1.60589550332044	1.4428747924963	1.20392527533508	1.33655399586711	1.39071837888923	1.08956314811149	1.60589550332044
1509	CAGL0F07513g	1.74260074973751	2.74212762334133	4.2925499514393	4.92346093524697	4.9909209359775	5.12434368863607	4.81472537208856	5.21304717895943	5.40326175041159	4.89245565977797	5.21304717895943
1521	CAGL0F07777g	2.24571544519095	1.89810135305748	4.48733644831185	5.90881159526157	6.23609714928751	6.40205848812275	6.73177762321974	7.00925879249748	7.20253663852534	6.73320943285878	7.00925879249748
1644	CAGL0G01540g	4.42987274852012	4.16038876942475	4.27016889421976	4.11470878090372	4.15830345211154	3.97232690073881	4.40590012604897	4.59466253431116	4.80751738086775	4.66814774009952	4.66814774009952
1652	CAGL0G01738g	2.42648030097224	3.64634181203807	5.95918147046183	7.05043408035764	7.21445660169617	7.56671852268742	7.42479459704844	7.54547065879598	7.66095651085563	7.12590363619307	7.56671852268742
1697	CAGL0G02717g	3.70256228682325	3.34400674370392	4.72509170511121	4.94756294769426	4.91182975249405	4.76997204979066	5.02807569023778	5.24562132247188	5.36891022579448	5.26623206865058	5.26623206865058
1698	CAGL0G02739g	8.03907967641481	5.4394193795608	8.70226164592129	8.79171511015392	8.88729262232811	8.59572705407919	9.20832460120027	10.0782204898025	10.6973378240163	10.6898620390453	10.6898620390453
1703	CAGL0G02849g	1.56792705402089	2.80630063525916	4.72199599540223	5.37330883567032	5.36484429802525	5.36891006806733	5.08463936367899	5.16545723699811	5.37298102107999	4.63016862318936	5.37298102107999
1766	CAGL0G04433g	1.99038494448178	1.09852182538752	1.35930918172286	1.5523356233558	1.81630447538803	2.01426758121017	2.50548131350582	2.68144840847383	2.85118297721651	2.64294687048812	2.68144840847383
1840	CAGL0G06050g	9.24328738743593	9.39102055107613	9.40384564269913	9.76406561872485	9.64571523587175	10.0193429675735	10.0654056154484	10.5084598248322	10.8513463628498	10.7048224164464	10.7048224164464
1876	CAGL0G06952g	1.73633327971173	2.07909725160363	2.49566466470563	2.61080362529711	2.68444923971074	2.69104319635286	2.6372211279565	2.61204717220057	2.56357960792262	2.4803928779061	2.68444923971074
2041	CAGL0H00704g	1.50793816532394	2.54265527111723	3.0382641467618	2.97629108441835	3.23497932108017	3.43434573543234	3.45710010658419	3.54939745722731	3.66862163485365	3.51525052437558	3.54939745722731
2099	CAGL0H02101g	2.49248795729535	3.38715466414876	6.40680365375463	6.80815463185211	6.56452736139356	6.50276371659958	6.347589018458	6.27414766896494	6.48925975321646	5.85900516080657	6.56452736139356
2112	CAGL0H02387g	1.75330933851171	3.78516203060352	5.08380751717673	5.7497612929743	5.64594704657275	5.58770549425162	5.28900627426251	5.41163765015406	5.54863387575921	4.95133069920195	5.64594704657275
2371	CAGL0H08173g	2.44600177950632	2.89757088268978	3.33765031196067	3.64372939394908	3.75510114944694	3.52460648952322	3.69360192688483	3.75282941962774	3.9678840361912	3.9918558324365	3.9678840361912
2400	CAGL0H08844g	2.42050639729098	2.76778894678904	4.29706389932069	4.8852582842575	4.90279485466907	4.85414251630514	4.87087276612558	4.88313345840309	5.08124180247643	4.82165862677615	4.90279485466907
2419	CAGL0H09262g	1.52342432229306	2.34580469291986	3.14470303325537	3.14258785061333	3.13810427309331	2.66472698706204	2.46622181792152	1.72197149127141	2.24232892835918	1.64983532143563	3.14258785061333
2503	CAGL0I00726g	3.29852156402135	3.24078136113279	3.64124931467591	4.1591295819456	4.11653371467154	4.11119482861878	4.42550580097939	4.58472788396569	4.39201324663876	4.82538759072047	4.58472788396569
2664	CAGL0I04554g	2.18547838994834	2.01379266850218	2.15710285514015	2.42666979212871	2.61173314388889	2.57394901015245	3.03094342844992	3.15079317194159	3.35940112948097	3.34470648743001	3.34470648743001
2815	CAGL0I07865g	2.02478935301282	3.32540081174723	4.69810486097007	5.49528776797968	5.68788103510626	6.108967321432	6.14295774213672	6.2923964508758	6.19891641280739	5.90381281234118	6.19891641280739
3041	CAGL0J02508g	3.5710356389564	3.83295994324571	4.75642775469631	5.03708250954636	5.14970420728211	5.16121537820495	5.37497402935856	6.04877468998368	6.12248451905198	5.63349608403653	6.04877468998368
3043	CAGL0J02552g	3.80398439008467	4.3067984724666	5.28686226421773	5.55510326010418	5.78321884138482	5.6678006223508	6.00646820213002	6.37576384932467	6.54836363905677	6.17486589707026	6.37576384932467
3105	CAGL0J04004g	2.23345062732171	1.74361723809773	4.4517626122976	6.81821643309495	6.86647042775706	6.81964382515231	6.63125938806213	6.48157207641909	6.74886822561769	6.16222179286241	6.81964382515231
3114	CAGL0J04202g	2.71026102849898	4.89284837561499	7.23672942727235	8.12652719127892	8.04596025035463	8.07465710525279	8.08777546485381	8.16842205676149	8.5434424935342	7.93435797168419	8.16842205676149
3300	CAGL0J08294g	1.6827998353797	1.86715737403778	2.21638061944956	2.27165995620504	2.30833055289976	2.17566149769422	2.43963016909159	2.64667679409193	2.88898630239766	2.66092750057216	2.66092750057216
3301	CAGL0J08316g	1.74726323577077	1.79689012833905	2.47131299192327	2.29281851714982	2.32147264645984	2.19629935268612	1.51764511586397	1.45240917223093	1.19590562049778	1.15946731235318	2.32147264645984
3396	CAGL0J10494g	1.67310230178541	2.32752392388733	2.83652394624637	2.86147386511758	2.93901161733535	2.88196182340129	3.33138125512675	3.25273275255423	3.29406096623348	3.41346954751194	3.33138125512675
3591	CAGL0K03069g	1.97031580738667	1.19254527930927	1.70915064273747	1.95206320119464	2.15441850979168	2.14180819789092	2.51186957335617	2.57804826860804	2.67713733107962	2.57854183239451	2.57854183239451
3606	CAGL0K03421g	2.7393200018212	2.51207707242987	4.85408088456894	5.90148296322456	5.82449156421083	6.18998890333181	5.91000936517237	5.9913906273138	5.96109553296588	5.38781985107228	5.9913906273138
3645	CAGL0K04257g	2.63892451419817	1.64857754402753	2.20111840688992	2.6065294840863	2.65255956220844	3.0990523803314	3.02185543676716	2.951367129225	2.87317157401855	3.49699255541355	3.0990523803314
3647	CAGL0K04301g	2.1029876207302	2.09980082958859	4.07045645569967	4.62327145018335	4.67406303433532	4.98938630306595	5.02147569135167	5.4284902224899	5.33137182289966	5.49977708402116	5.4284902224899
3790	CAGL0K07546g	9.21923993021483	8.52965845964576	9.66491605821884	10.2072234822205	10.1070155870371	10.0361134165282	10.0449127850723	9.98004660893821	9.99843872434809	10.0915941746865	10.1070155870371
3906	CAGL0K10164g	3.63005827779943	4.4890122901371	6.79646506393428	7.75511263509297	7.84535542293995	8.07697527888066	7.59150116136477	8.04088192703973	8.43225079303173	7.62807342408992	8.07697527888066
3923	CAGL0K10604g	1.75910709525924	1.66774033343268	2.8093987485279	2.99298019342288	2.71032016104283	2.39050105900618	2.06246711404375	2.02654102594107	2.16794317237019	2.21288065509246	2.8093987485279
4096	CAGL0L01771g	1.58881866067907	1.52769119564231	1.96977842731179	1.67328387440701	1.14714853600987	0.666769483865219	1.54940749646106	1.55235045243532	1.33640006516737	1.89681109530602	1.89681109530602
4218	CAGL0L04378g	2.29209144781422	3.71711485251426	4.87918784766145	5.61365460249637	5.88750137326422	6.00535058432884	6.05682136355152	6.08463674654252	6.16421443196549	5.79045592638961	6.08463674654252
4231	CAGL0L04664g	1.67038949126506	1.96244156571892	2.44537462797007	2.69342379154166	3.05186127565835	3.09932928881371	3.73419761248369	3.80601903785805	3.83710647380285	3.56292815472254	3.80601903785805
4262	CAGL0L05434g	2.87017042607675	2.10091018633492	2.70575514775136	3.65724529819971	4.37517792520179	4.77032402589872	4.89289836657262	5.74903450012237	5.87757822938773	5.70679518197583	5.74903450012237
4263	CAGL0L05456g	2.16023911514808	2.3694068680398	2.14486341561953	2.0260670813026	2.03629407333186	1.91267931346208	1.96227872681354	1.95186062969217	1.94298504634433	1.79190684450953	2.14486341561953
4363	CAGL0L07766g	1.9786953091497	-0.209044732949031	0.091449581877336	0.552280893848466	0.857918600595866	1.5199365332852	2.13954154007745	2.13109355971922	2.09575487796103	2.04405563905749	2.13109355971922
4717	CAGL0M02629g	2.08248719608471	0.791833030476966	0.624130024061343	0.435900680798134	0.429297586052258	0.705346804405413	1.04430972598458	1.52542115304388	1.52245875908374	1.57352413158692	1.52542115304388
4748	CAGL0M03305g	4.41057077098038	1.10667715379075	2.66051351582966	4.17371988415529	4.54648177232375	5.0316281302422	5.13987253148541	4.12478065870069	4.11638626967603	4.69343601964622	5.0316281302422
5127	CAGL0M11660g	4.6102321547423	5.04887498231782	4.59578759326871	5.08057609977085	5.57851407554922	5.75166250727431	6.20433726912847	6.16605558466943	6.27188300966602	6.44171459097269	6.27188300966602
5172	CAGL0M12705g	1.50478831972018	1.9674722831627	2.37944213056163	2.32694643914375	2.21267501347794	2.29130227269919	2.31395304683158	2.23842496298795	2.42372113644618	2.11001136005879	2.37944213056163
5194	CAGL0M13189g	1.59773772057848	3.17990678965871	4.56237935584173	4.74156501946553	4.67015884495664	4.58713845189411	4.14366320244637	4.5516109074427	4.59458652593913	4.16765450919368	4.67015884495664
