genes	del4vsdel4.20min	del4vsdel4.30min	del4vsdel4.45min	del4vsdel4.60min	del4vsdel4.90min	del4vsdel4.120min	del4vsdel4.150min	del4vsdel4.180min	del4vsdel4.240min	sec.max
86	CAGL0A02321g	-1.89975348031061	-1.85309386352989	-1.04159938650467	-0.411308394366381	0.65464187809105	1.26859059556392	1.47483522297637	1.84613496805091	2.01246884983408	1.84613496805091
4218	CAGL0L04378g	2.88234517807009	3.78538772725799	4.36140195275555	4.65695359517279	4.93631479475697	4.94211766692674	4.91997643891118	4.91207481812245	4.6852426182367	4.93631479475697
61	CAGL0A01650g	1.75139080974702	2.36575444134722	2.71078550407264	2.75070949907641	3.03296349679699	3.24387601047343	3.37141146843969	3.41954494035572	3.31776278844573	3.37141146843969
924	CAGL0D06600g	1.71054859768104	2.80136903244027	3.31596426480706	3.7214361131037	4.1816885869183	4.34304238354057	4.40344716916894	4.63124521455348	4.57149856984704	4.57149856984704
862	CAGL0D05082g	2.79558709330303	3.90418521604474	4.05853829361226	3.87465498088618	3.82165627426698	3.74498288733077	3.66602654464776	3.59538021101158	3.3621933304936	3.90418521604474
3996	CAGL0K12254g	0.528827555216669	0.786773184607761	1.27773431572201	1.73297806543321	1.98505938820528	2.11166307694167	2.17240249743261	2.20821275708087	2.12188551706723	2.17240249743261
525	CAGL0C02739g	1.94785813488935	3.33465580859318	3.91955893328019	3.89465828398907	4.03347274330678	3.91272955688284	3.81625707394441	3.68346837788539	3.38953009690159	3.91955893328019
4228	CAGL0L04598g	2.64128083234914	3.86696553988135	4.32963486904198	4.38855071540545	4.46242648148966	4.2830942179	4.39653146864665	4.20362650691956	3.83811389572567	4.39653146864665
2815	CAGL0I07865g	3.4983222903189	4.63438605771405	5.27583992486256	5.35714160365134	5.53408327759565	5.62961660409731	5.68010237004722	5.68278778557066	5.54371670711878	5.68010237004722
4245	CAGL0L05016g	0.0365619682083702	0.729858114478122	1.39604493102035	1.775547575489	1.93385238259276	2.28318653184739	2.24028975155863	2.33597640916727	2.42133076059126	2.33597640916727
598	CAGL0C04543g	1.5505509722545	2.79137776624715	3.50163645302788	3.62440013500685	3.84046550059548	3.94789933611484	3.93828216195401	3.89473819373518	3.54914320829823	3.93828216195401
5127	CAGL0M11660g	0.175371601404328	-0.307806075568327	1.04262732846235	2.37315197571982	3.68003655234985	3.83043928426709	4.02985928417876	4.21118794951252	4.19384657989059	4.19384657989059
1816	CAGL0G05544g	2.46263721315999	4.6164449795794	5.37669737216859	5.43427287520541	5.82135485378162	5.91614333011919	5.99779415136475	6.16624268862158	5.80074955992004	5.99779415136475
1521	CAGL0F07777g	2.6792521223672	4.74021115640799	5.91264707808549	6.13584951848494	6.79635840930227	6.70779182661873	6.77969198706549	6.93413610914507	6.54917648107876	6.79635840930227
4146	CAGL0L02827g	2.02927852071381	3.23774395926651	3.67042876746656	3.72102698592662	3.76821474174702	3.94496352184267	3.94067040840934	3.96131068923065	3.88794849325539	3.94496352184267
1000	CAGL0E01881g	2.14544825443838	3.28570840836321	3.67472600001192	3.83486723352816	4.02033490980482	4.0786915957234	4.2680953736096	4.26566938088238	3.93638653596071	4.26566938088238
2007	CAGL0G09977g	2.16747711980405	3.70135381377459	4.00202272704364	3.73432038747723	3.51720361599722	3.50302918486632	3.53446285939381	3.38212546788315	3.06792034327953	3.73432038747723
4262	CAGL0L05434g	2.66185369538979	3.76170537782705	4.49091580679812	5.11476575893229	5.51105650375076	5.71952177488501	5.90596393380416	5.85501920963023	5.87959241140338	5.87959241140338
3309	CAGL0J08547g	0.911649164935214	1.52424870479446	1.77263217898923	2.18436661276797	2.41841057491601	2.55735416683893	2.61972801394734	2.71978193260299	2.6991267953603	2.6991267953603
5184	CAGL0M12969g	1.80532937807673	2.66595168631438	3.25588994458199	3.38251207636741	3.50051129090518	3.56875207886442	3.36242641357305	3.42052134162254	3.26300246709777	3.50051129090518
505	CAGL0C02321g	2.79577101788769	3.16023383619656	3.20406548190416	3.15629999969187	3.13719699177482	2.96025155663822	3.02335013305247	2.85773680569526	2.7165356161116	3.16023383619656
3849	CAGL0K08844g	1.76424938375489	2.55759680065931	2.82461634524572	2.80449824245246	2.71462480359421	2.71634605591796	2.61716676182029	2.58210863717425	2.44345722817995	2.80449824245246
2112	CAGL0H02387g	3.08089427894934	4.02114214444751	4.50149308906273	4.38369365670183	4.22764783576503	4.09831328550051	4.03814568190791	3.92464353423572	3.67755050183327	4.38369365670183
4064	CAGL0L00957g	2.08809897135178	3.26487554750693	3.46492950453121	3.29481866739251	2.95005299471163	2.55286341992939	2.38661525535617	2.08519084786461	1.73697927533845	3.29481866739251
1697	CAGL0G02717g	3.18186566428309	4.4523813054213	4.74456725194761	4.78847648204871	4.92611938618525	5.03657692438628	5.06399269342786	5.37727827380538	5.35795042871477	5.35795042871477
2402	CAGL0H08888g	2.10038423563651	3.09273965598474	3.62503955800835	3.88233099843511	4.00245048967901	4.19031433044325	4.44730305980068	4.34819807578295	4.26431844975504	4.34819807578295
2400	CAGL0H08844g	2.68987366031438	4.14480580960905	4.67221622921558	4.59157312537782	4.78121421039784	4.61960301439571	4.58241292521329	4.62499974986742	4.2933505877769	4.67221622921558
3906	CAGL0K10164g	4.97846170287449	6.81729012219332	7.36441000961941	7.89097034368182	8.38684569911736	8.31146151539138	8.68256748290295	8.70790306610402	8.18611635128698	8.68256748290295
304	CAGL0B02563g	1.71326996389262	3.46313858188371	4.3734067399227	4.3981249360484	4.58822782264966	4.49515120730709	4.75810974151418	4.54034302334008	4.15602459205128	4.58822782264966
3105	CAGL0J04004g	2.6918233841406	5.03371082854011	6.24759923535508	6.13735320240201	6.02927042024273	5.69654000861501	5.54584940139282	5.49323182258434	5.33490705687664	6.13735320240201
3787	CAGL0K07458g	1.46814991192381	2.32546176767973	2.75729914313646	2.9833833249099	3.0234382627897	3.18463218833985	3.12674883218409	3.09534605309907	2.99293008127267	3.12674883218409
998	CAGL0E01837g	1.43174706161034	3.2821157696837	3.91223924122718	3.94002282493052	3.9602998425484	3.7293471970732	3.72144065745114	3.61988655040605	3.09382347268756	3.94002282493052
999	CAGL0E01859g	2.17293926024855	3.16249073596353	3.60068169302943	3.49750872003384	3.19147804353278	3.17055858545888	3.1438262185817	3.05337735982999	2.74314054371086	3.49750872003384
1703	CAGL0G02849g	2.85880509340656	4.28015559845514	4.53993143076681	4.60565988006093	4.75576317305249	4.61493917805826	4.6369662877286	4.51765184169954	4.02158136380231	4.6369662877286
1644	CAGL0G01540g	3.45489779272714	3.64614926047722	3.59786909751715	3.7995321766815	4.19787342378817	4.06693875484066	4.08058797872968	4.3119708630421	4.02196939928628	4.19787342378817
5194	CAGL0M13189g	3.10581253986876	4.34045974616634	4.54088979427498	4.70941638516565	4.75662756386195	4.73025489781307	5.03484070822087	4.95422643204328	4.80625635551923	4.95422643204328
1652	CAGL0G01738g	3.18385468963438	5.25269155142947	6.29413124752632	6.40421077376285	6.79939676170971	6.82610451031852	6.92242495318075	6.88694249811126	6.59565946623094	6.88694249811126
3041	CAGL0J02508g	3.22704522279442	3.92677147450667	4.31886879799516	4.44718618470739	4.83488061909745	4.71916146866781	4.78857774060335	4.92646941522653	4.50278400171415	4.83488061909745
1783	CAGL0G04829g	1.98426511908003	2.55662080327035	2.8190928706094	2.70485642247462	2.64649067828498	2.71378906844413	2.68259394179196	2.69004089606428	2.64448256546873	2.71378906844413
4868	CAGL0M05951g	1.53959177990959	2.44803676000699	2.72061907430142	2.77971611216676	2.94954095659697	2.89349257709211	2.89899870295434	2.78686187928392	2.80215428573676	2.89899870295434
3396	CAGL0J10494g	2.30660811659667	2.9687971285589	3.23100406769948	3.17679100184669	3.14090464827139	3.05137586933438	2.76639500621606	2.90131780294373	2.85404798130523	3.17679100184669
1393	CAGL0F04807g	2.08442575151101	3.56455654583466	4.10762689705899	4.12865194238111	4.29531266057587	4.1838495597922	4.21648424734561	4.17004913171658	3.80742092241659	4.21648424734561
359	CAGL0B03817g	1.6531974265557	2.66985857207762	3.09108902804661	3.23546647832276	3.21968432824786	3.12705480121173	2.96698241551229	2.66459100286884	2.33064577647856	3.21968432824786
2099	CAGL0H02101g	4.65915072503186	6.76009990056379	6.96066963001927	6.70982358299038	6.78393157573354	6.60679507856868	6.52246625282856	6.47213787230545	6.1651262297809	6.78393157573354
1766	CAGL0G04433g	0.139023921228247	0.244166884629483	0.60956029553863	0.994022241701586	1.97665159044376	2.16226136230896	2.35635245214646	2.56970899409419	2.31573397682191	2.35635245214646
3196	CAGL0J06050g	1.08399822569526	1.90861598263075	2.2552613220694	2.43598603459787	2.43003468483068	2.3891821679197	2.75854110769369	2.53033245458261	1.98150276090898	2.53033245458261
352	CAGL0B03619g	1.60580198622565	2.66456765864373	2.87936603522849	2.97261463706902	2.97328069309601	2.99487426553054	3.26402447236302	3.12485140836715	2.66172916509352	3.12485140836715
4276	CAGL0L05720g	1.44261134091812	2.6490155480314	3.47924544768604	3.35919504395248	3.32674673774857	3.37057635776143	3.42918898324276	3.41359308906575	3.47931891875877	3.47924544768604
1397	CAGL0F04895g	2.53207950447676	4.40922279798447	4.90130744176973	4.54467636536431	4.28245545255466	4.08461292214756	3.9571948446488	3.60560503310819	2.91184643431771	4.54467636536431
1176	CAGL0E05984g	1.16228183787607	3.50189663389901	6.18664518497692	7.25959792794146	9.00174339181248	9.25577391305173	9.45702726155702	9.80216822324734	9.42049492910241	9.45702726155702
3606	CAGL0K03421g	2.90955884740499	5.26988940115168	5.75025310548227	5.74745665154986	5.65639054928586	5.37582008485219	5.26220676751992	4.80520610731725	4.0857931793776	5.74745665154986
3300	CAGL0J08294g	1.2269503472891	1.5980132603358	1.69616914753862	1.75840758431737	1.86077170578791	2.08997919554469	2.2747117871728	2.53980236356376	2.6035792080871	2.53980236356376
814	CAGL0D03894g	1.01096530474797	2.77353943967898	3.60873938615326	3.73096754425886	3.87546298205681	4.0009932485095	4.40404231459315	4.34917374927565	4.28537105618417	4.34917374927565
1456	CAGL0F06325g	2.0398399046322	2.88988391409942	3.23920228084806	3.28610290054352	3.29807610127499	3.27593999026128	3.2759840687095	3.3130792918153	3.23981509102564	3.29807610127499
711	CAGL0D01584g	0.365541249311815	0.763850886475617	1.02807822057898	1.31502266600078	1.87034215200675	1.89767591903863	2.25854916035343	2.28130807609594	2.20027845726835	2.25854916035343
2847	CAGL0I08591g	1.00425798067479	1.5290301142279	1.29114838786028	1.61426277528129	2.14596987116544	2.55805724654247	2.89660555508502	3.00358221126297	3.3458698336782	3.00358221126297
319	CAGL0B02860g	1.53111208332189	2.78894441469052	3.23667113480249	3.22085345149911	3.44095766871309	3.2648728175756	3.62094709948408	3.38446811392295	2.93833882649424	3.44095766871309
3790	CAGL0K07546g	0.639683375365576	2.82297936951618	3.86601390391346	3.93868693969101	3.13920958881724	2.74038333338707	2.74162677385741	2.28393479101105	1.76858648412027	3.86601390391346
4468	CAGL0L10186g	2.79842488155032	3.20740248671233	3.24184001165736	3.22022680232753	3.40270982138809	3.15933559244637	2.93410942268039	2.98814403839013	2.42755054485815	3.24184001165736
1906	CAGL0G07601g	1.09635735617702	1.95187889701861	2.22611105899574	2.05672858612025	1.99060670863766	1.9175298287524	1.87777045166164	1.87131006525871	1.51273064610359	2.05672858612025
4317	CAGL0L06666g	0.0686169501949587	0.949994701265385	2.61186951738628	2.84089508316976	2.64867669844292	2.24854817546794	1.98247560110544	1.9649347148716	2.47804169563458	2.64867669844292
514	CAGL0C02519g	-0.718375484389816	0.345812672472184	1.23111477990811	1.86616362355452	2.21330733516333	2.41161391904784	2.22745248239296	2.09100041146626	1.77551309911276	2.22745248239296
418	CAGL0C00275g	1.54609098537018	2.73732880339952	3.33577526003333	3.33618687583503	3.31372774600885	3.26046871802007	3.20804166604507	3.08597873849589	2.68805154992697	3.33577526003333
4231	CAGL0L04664g	2.09831103573787	2.23968687585602	2.46232498424736	2.72314295285356	3.16998186760867	2.89709510773335	2.81487367482284	2.94148069345447	2.51193052182503	2.94148069345447
4199	CAGL0L03982g	1.66832412178091	2.6044304990969	2.92733153414999	3.12403945718779	3.24264241346674	3.34840149928141	3.40249004552329	3.45677735854375	3.12485633435201	3.40249004552329
3301	CAGL0J08316g	1.48008787172602	2.45064968442561	2.48603377546659	2.50186862211577	1.86908878897829	1.16900400938579	1.09572817206992	0.942587058139305	0.696008142541825	2.48603377546659
1669	CAGL0G02101g	1.79071810356302	2.85920355846575	3.13616525027844	2.8875481410393	2.89772062161754	2.74162166133898	2.77042051413616	2.6324543615269	2.06552299500528	2.89772062161754
3117	CAGL0J04268g	0.806564686106189	2.04570445528571	2.6897516620901	2.55820764568971	2.3499375886019	1.92396943280483	1.7409441741206	1.53394386372824	1.146372634683	2.55820764568971
2371	CAGL0H08173g	3.17235952338111	3.59761605979442	4.05179785487359	4.2523923625537	4.4109390135429	4.16587569908105	4.0940319374982	4.29211798607961	3.69309024238484	4.29211798607961
2168	CAGL0H03663g	1.04481152984506	1.63162301588174	2.14148148014826	2.28625834260229	2.49601885523947	2.44144852662387	2.46959411486719	2.46559751742216	2.2414125016399	2.46959411486719
619	CAGL0C05027g	3.22350243595477	4.9907419856879	5.53798123735481	5.45516429401397	5.49706806894705	5.30576049146474	5.14226649570949	5.093452339284	4.82206577918606	5.49706806894705
3647	CAGL0K04301g	2.23439276458194	3.90608122252061	4.79572110434633	5.00686922821746	5.03716452307143	5.30216174930874	5.58173265105941	5.73025893386624	5.65098813865178	5.65098813865178
615	CAGL0C04939g	2.10259579390765	2.58593434229761	2.77213409211856	2.8051590303509	2.52260997113134	2.27157896130384	2.10448985603273	1.88537958546068	2.13308081572011	2.77213409211856
2895	CAGL0I09724g	0.307467517395616	0.790460891264071	1.33213272242014	2.20283000650767	3.04361467574795	3.02631663367351	3.4987175754655	3.18477276985323	3.36869044560903	3.36869044560903
3114	CAGL0J04202g	4.25982125378151	5.91116413112794	6.62659741842211	6.53331388333304	6.88288007274991	6.8487863342393	6.79963289381118	6.8816374779189	6.53065580941686	6.8816374779189
1536	CAGL0F08107g	1.10077677012168	1.82563830221598	2.04963449725093	1.68606953951193	1.25375107271891	0.81478925508301	0.659797738655383	0.456024196679428	0.185913032848928	1.82563830221598
1673	CAGL0G02189g	1.39667231754855	1.62106131910342	1.5354704807938	1.63819422905449	1.94935115483538	2.38577103757658	2.72668569188497	2.80474367156743	2.78499134577561	2.78499134577561
3365	CAGL0J09812g	1.67085361860865	2.56968684456268	2.85917618953546	2.7546734392792	2.7251131264985	2.4425756353644	2.49023130157643	2.2361959249157	1.65887975811852	2.7546734392792
3591	CAGL0K03069g	1.09302239132048	1.24485876051923	1.54656853039665	1.86898822593643	2.22244717411789	2.12904480506527	2.02760280659019	2.17222393740256	1.91516379357465	2.17222393740256
1486	CAGL0F06941g	0.589465573645802	1.62582056975319	2.23453093827985	2.00716855514674	1.81155396552925	1.55021196119107	1.48517551761861	1.27696529165668	0.933414813704561	2.00716855514674
4041	CAGL0L00429g	1.78012273893749	2.08719011473436	2.04887806912766	2.264856423067	2.21198836412946	2.3808253221692	2.60573621252525	2.59141891111538	2.59761196223945	2.59761196223945
2126	CAGL0H02695g	2.46861530672285	3.37314603107212	3.18872736763792	2.96766861051135	2.63155293127908	2.34492316557854	2.4459575931614	2.17300766920387	1.93227305852267	3.18872736763792
1161	CAGL0E05632g	0.836131695949602	1.8408053991243	2.44178337097139	2.61947361518184	2.99934716037917	3.20392533249923	3.57897376998592	3.60088252071181	3.56521825812987	3.57897376998592
1509	CAGL0F07513g	2.71302152600815	3.68475657371575	4.19218845998504	4.27444412832285	4.50552346632743	4.53685120460387	4.67064513920094	4.55766797412062	4.24799899754898	4.55766797412062
4847	CAGL0M05533g	1.63957016753274	1.81406938725292	1.9980645257337	2.18270981133237	2.02260533005007	1.91202999478889	1.71626157006974	1.52582767049583	1.58105927828179	2.02260533005007
601	CAGL0C04609g	1.14551611982418	1.83005910705936	1.9842401141807	1.9282202513538	1.82875050894346	1.78967941122549	1.79063207869313	1.52528097408118	1.22915866328583	1.9282202513538
2782	CAGL0I07139g	1.02056748300293	1.91633024600112	2.21725848764759	2.01245567559732	1.56142219371363	1.05536489817393	0.814251368854865	0.449255510985582	0.089020811369986	2.01245567559732
2419	CAGL0H09262g	1.47668475490998	2.78030871192129	3.4777015950485	3.33069765385406	3.15373482680406	3.01492927197507	2.65785559639856	2.94153243442233	2.44946400587334	3.33069765385406
59	CAGL0A01606g	1.75486680959319	2.24574295558001	2.28556153793885	2.19212646772679	2.38402178512016	2.75420015053185	2.64819944863858	2.90793117579255	3.08466946861326	2.90793117579255
3330	CAGL0J09020g	1.16228951893911	1.82835335539028	2.22142829129767	2.32070237377133	2.58021415478796	2.57477518740565	2.64875516418949	2.59692570438597	2.89943103460378	2.64875516418949
5001	CAGL0M08822g	2.06817355404019	1.80623781534028	1.99936769795868	2.00338619395558	1.81693274720664	1.9315356888245	1.66835526565439	1.72260448895004	1.57671081661608	2.00338619395558
298	CAGL0B02431g	1.20344234598456	2.21309634177103	2.47238649138998	2.37393523964533	1.96809876939622	1.67248143098652	1.77956660734744	1.60413339439814	1.32491019284327	2.37393523964533
2122	CAGL0H02585g	1.57366735004616	2.39354137001498	2.89260172771144	2.87212264998168	2.88709748228936	2.75810493661379	2.81353834023666	2.57858656411138	2.01661080790179	2.88709748228936
927	CAGL0D06688g	1.05432060257884	2.01428544445633	2.50701059410486	2.39286231394001	2.40752467910777	2.11317987845652	2.10312360381898	1.90478079913724	1.51579132049097	2.40752467910777
300	CAGL0B02475g	1.40636117873597	2.5713498710257	2.1506950099152	1.70696191655465	0.958328465998526	0.646124766321769	1.73128408336753	0.936831281072786	1.02063301641684	2.1506950099152
3979	CAGL0K11858g	1.11299206621485	2.03046387593914	2.27721963908872	2.05344422050277	1.99564219852744	1.80994367435851	1.83871260640345	1.59872134586584	1.22908108533693	2.05344422050277
3112	CAGL0J04158g	1.42048927530824	1.95028714555854	1.92469962300333	1.94559738730033	2.01196711303323	1.79658145433604	1.6163960640091	1.46724389523079	1.12047480668439	1.95028714555854
5232	CAGL0M14025g	1.73541484331324	2.10844673095346	1.80799247583944	1.42134260430249	1.53210442286965	1.12796574989372	1.15145196171788	0.918456985776507	0.46263132438372	1.80799247583944
1222	CAGL0F00605g	2.33423593088331	3.80449342158876	3.98809083004486	3.55648328440097	3.1864126529562	2.80288533218501	2.60838097988541	2.33211868824583	1.71520534473065	3.80449342158876
1535	CAGL0F08085g	0.749895878630742	1.49050673937615	1.48423611758545	1.87429590847144	2.33739247572032	2.58482049186296	2.84010885618469	2.93554048083831	2.7444523621175	2.84010885618469
1840	CAGL0G06050g	2.40326526824867	3.93186707341898	4.22476187539104	4.16115789136264	4.40129216448513	4.33813906765333	4.53585348752475	4.36766455074555	4.39572901077951	4.40129216448513
2686	CAGL0I04994g	1.31685047931274	2.03455991405929	1.82188013096486	1.625490628439	0.795163646153538	0.228110962235432	0.611983428952293	0.638435401513293	0.603893731036599	1.82188013096486
1160	CAGL0E05610g	1.45389009295975	2.17882004220785	2.27235043903646	1.85927303848398	1.48924352624659	1.11572766552866	1.17759534952151	0.962117010115891	0.59583269879256	2.17882004220785
2041	CAGL0H00704g	2.49646344381978	2.72227014874354	2.52574888231668	2.80984005967096	2.70916501662815	2.55561829070812	2.70745444896015	2.46425825002238	2.71797122757024	2.72227014874354
3043	CAGL0J02552g	3.57364198806319	4.44299502136666	4.63614399751123	4.85615477779083	5.27219620156998	5.30257699352344	5.31145065272428	5.44137049756282	5.13982524462784	5.31145065272428
3923	CAGL0K10604g	1.72883825297008	2.4061874695764	2.45348788521858	2.22903023004729	1.9805794355123	2.03014172626206	1.95614816366707	2.0314988820961	2.05660510831124	2.4061874695764
1698	CAGL0G02739g	4.01697463971957	6.40255577459779	7.17194604192996	7.45105011816153	8.1921413588273	8.23772352028034	8.16707016576541	9.0160796638989	8.8756393155723	8.8756393155723
2503	CAGL0I00726g	1.31419049461812	1.5313156271996	1.71109992942364	2.43603097161104	2.87316069018773	3.23784681472289	3.12704419767956	3.61337757860333	3.15974004711005	3.23784681472289
25	CAGL0A00737g	2.33570951336091	3.36266759410635	3.95623375070346	3.89428930008024	3.41621144110196	3.22008106198517	3.60201282580133	3.4404468499468	3.17370874781948	3.89428930008024
4748	CAGL0M03305g	0.296370463735147	0.498409248331354	1.3292487210188	1.24668246016625	2.14397977286253	2.47583159155081	2.89620934351088	2.83288750882236	2.35214802710077	2.83288750882236
1114	CAGL0E04554g	2.06034601433663	3.21310712843332	2.70495457721086	1.93252453380345	1.77265674210404	2.0157160447461	0.926800855913167	1.99842885884158	1.54728839560342	2.70495457721086
320	CAGL0B02882g	2.70903113367812	4.47127687484069	4.78435336111701	4.61948432629191	5.0928811171525	5.20805289914187	5.34387886124394	5.3500429230884	5.09883831675833	5.34387886124394
992	CAGL0E01705g	1.43764123006923	2.38490565392688	2.84420442826077	2.9612111716152	3.12087291349913	2.95115752129175	3.26817234726471	3.1898454020244	2.86540647465325	3.1898454020244
3645	CAGL0K04257g	1.07070556678715	1.58180133139044	1.38160982751225	1.67133881407993	1.55777305555857	1.98580396465907	2.03085712719836	1.96339467600468	2.03102399157467	2.03085712719836
