genes	del4vsdel4.20min	del4vsdel4.30min	del4vsdel4.45min	del4vsdel4.60min	del4vsdel4.90min	del4vsdel4.120min	del4vsdel4.150min	del4vsdel4.180min	del4vsdel4.240min	sec.max
2703	CAGL0I05390g	1.00627555881592	1.41178685562417	2.03033755050954	2.37438643415376	2.6860482450565	2.99422039776969	3.07720587248309	3.11077464056895	2.99589110513037	3.07720587248309
1405	CAGL0F05071g	1.25197147571507	2.46076350744368	3.07454020482155	3.39239050714836	3.57100940750028	3.49987365143607	3.46282020412814	3.41958030127621	3.23161716758632	3.49987365143607
4653	CAGL0M01166g	-1.30419287413115	-1.18630254067164	1.12890801981508	2.69714868811381	3.7767540840284	4.98870645605884	5.09750775349486	5.02868441181829	4.49681679498836	5.02868441181829
1754	CAGL0G04081g	-0.78626919758959	-0.187900641719358	1.34975375459849	1.98793532447035	2.68605868732979	2.91341363765669	2.83423308044729	2.53391023841091	2.25453457463308	2.83423308044729
5176	CAGL0M12793g	0.898711376234643	1.72894777696209	2.66489769664411	3.1135622569532	3.8146124698327	4.22783635239649	4.44462261983188	4.81173093684418	4.95889203395732	4.81173093684418
1823	CAGL0G05698g	1.33644251831479	2.96086289695142	3.56218274639609	3.38600172081401	3.08858455636004	2.99427062673194	2.90451335716851	2.76339546873283	2.60503701912384	3.38600172081401
5210	CAGL0M13541g	0.74928539022448	1.46062304870616	2.0037162625296	1.94758386441304	1.69642959060045	1.60898643707818	1.44176295682308	1.31482897739046	1.2700801093359	1.94758386441304
1072	CAGL0E03630g	-0.257891305216925	0.276557480122414	0.951120394816495	1.92778871429863	2.90596334405465	3.27035385081167	3.27942511200324	3.27245544706563	3.36420352150622	3.27942511200324
621	CAGL0C05071g	0.830474779277591	1.74765045844129	2.22119189998433	2.26057205213046	2.4181862670314	2.47422328753664	2.3806443503581	2.27347775488982	2.07226740968898	2.4181862670314
2866	CAGL0I09086g	-1.06200028110197	-0.0397614041917653	0.866159468482176	1.36996241430079	1.94094020528364	2.23509056939515	2.37048620776085	2.38949692202317	2.15597828892022	2.37048620776085
3954	CAGL0K11275g	1.39889114024149	2.37601737623551	2.82242127565313	2.9451568038599	2.98927788516678	3.00204580419696	2.78697435754512	2.80090358624839	2.50895276953124	2.98927788516678
3342	CAGL0J09284g	0.747848379308154	1.40249401673701	1.91446278313202	2.61951671411848	3.25760120687276	3.30297338008363	3.39705253811791	3.25894430884275	3.2770379160029	3.30297338008363
584	CAGL0C04191g	1.60897466775508	2.85371426019833	3.55007922238588	3.65294480616475	3.77885799122409	3.67732804964544	3.60187787612145	3.52635444432877	3.23630630740596	3.67732804964544
1140	CAGL0E05148g	1.99647825742887	3.40806805456175	3.76834963389868	3.60542316665142	3.47547375497895	3.40747397158375	3.28569175300294	3.17858585001027	2.94456091622541	3.60542316665142
71	CAGL0A01870g	0.423878376248151	1.47388459506348	3.00217939262103	3.20436065698038	3.07905671238721	2.8632440035812	2.7592741034808	2.53455984760988	2.42009614120124	3.07905671238721
643	CAGL0C05555g	1.06409467577349	1.82455054396294	1.99917596220067	2.32549997572253	2.45282342695378	2.47052997463677	2.72416699780941	2.66918890581051	2.60196242095287	2.66918890581051
1034	CAGL0E02651g	2.43615855927709	3.48500632030894	4.01528070838351	4.1171377138312	4.2185304165273	4.06704043604509	4.05237822483816	3.88642790419113	3.78412871119795	4.1171377138312
2340	CAGL0H07469g	0.906704792573495	3.38318124113503	5.54024023484005	6.6668683557142	7.77421732865458	8.24104937643253	8.30755444958636	8.39319867426479	8.60090893893689	8.39319867426479
2726	CAGL0I05896g	1.90526877426339	2.65100871201026	2.84385974670481	2.85121002996344	2.85554238753998	2.90561202878517	2.77910139783825	2.85661638487689	2.65521266776459	2.85661638487689
4974	CAGL0M08228g	0.54682999150215	1.40749087642806	2.07604809941471	2.2821209980501	2.27634825358877	2.49013735318733	2.41774575829481	2.43908972288776	2.55903838068304	2.49013735318733
1543	CAGL0F08261g	2.91287400361382	6.21273808636045	8.0941001341087	8.33283265285285	8.37657162314559	8.40377319737814	8.29027901861993	8.06114183351841	7.47567935529899	8.37657162314559
2134	CAGL0H02893g	2.14919681745043	3.06580093478791	3.19218760326198	3.21306756445449	3.09758419421247	3.00195397130087	2.84352490496261	2.75079468007812	2.61291313036918	3.19218760326198
964	CAGL0E01089g	0.113388171740131	0.525850440676185	0.899562066338707	1.35849803673787	1.52620252157642	1.82125729168496	1.92991299680028	1.92445858516435	1.97292809948358	1.92991299680028
2367	CAGL0H08063g	0.729268432769367	1.57380723984215	2.10870857132527	2.30572439606073	2.68215247804854	2.82592864320014	2.9418583693255	2.95652189370975	2.83229590460735	2.9418583693255
2730	CAGL0I05962g	1.39483130738162	2.09636813997976	2.42332063609529	2.3302666377427	2.40173751315967	2.42060002937874	2.35873014256999	2.36102916342957	2.21118436919493	2.42060002937874
4160	CAGL0L03135g	1.04021259472996	1.96736692310682	2.59654182587713	2.6773568268032	2.67340358022654	2.89473170685541	2.80937093847	2.76458276455186	2.81413661114647	2.81413661114647
5110	CAGL0M11308g	0.627761491333202	1.13474594973689	1.44825001606585	1.580554409163	1.66869695745534	1.78529757911939	1.83794793129398	1.85545283158003	1.89883476039124	1.85545283158003
3928	CAGL0K10736g	0.383628517987141	1.41966106794218	2.55206905066767	2.35407793201887	1.96272121966776	1.63572232529084	1.35954848131718	1.33927948018486	1.24022054534462	2.35407793201887
1121	CAGL0E04708g	1.19862491984404	1.62560261652186	2.09410162047686	2.2834092363084	2.48195373319649	2.48468082354985	2.40162870268316	2.46105853529057	2.27385000957869	2.48195373319649
1546	CAGL0F08327g	0.393485670099058	1.07891307947831	1.79775943821526	2.1386406880643	2.37090462959712	2.71789434930172	2.67785802496725	2.76645732335569	2.8711080150033	2.76645732335569
4357	CAGL0L07634g	0.0796123649475575	0.704808316717002	1.10281540100292	1.39240117982604	1.63487072716344	1.93127983307762	1.8153052860252	1.92399049539646	1.96386923138523	1.93127983307762
4140	CAGL0L02717g	1.45709128395001	2.47920094440573	2.93112051434076	2.94934083337474	2.98819419999515	2.90557280888971	2.76139613170684	2.7760888436745	2.59051530568227	2.94934083337474
1522	CAGL0F07799g	0.821260232191513	1.21101481840699	1.41578669682851	1.64886558815615	1.9761096114867	1.97398118370611	1.9308709537371	2.07878167466253	1.84813019338823	1.9761096114867
3688	CAGL0K05137g	0.927933501978018	1.58815369506186	2.01295305758604	2.04450659179236	2.14812648393937	2.25871263762741	2.35297636174417	2.3891589480088	2.36248787571809	2.36248787571809
1885	CAGL0G07175g	1.61192411738501	2.70919654169353	3.05647299357566	3.30229616430356	3.11150211242946	3.16609859273659	3.25291941152731	3.00034468107475	3.13837461702693	3.25291941152731
3792	CAGL0K07590g	0.959146854991237	1.81164092459202	2.46001529424314	2.63163898748374	2.54675631442415	2.62103014299966	2.58239373989142	2.50792944066099	2.52086824694431	2.62103014299966
1324	CAGL0F03113g	1.01263487754522	1.74891743016116	2.08011605622505	2.15947261661208	2.15557359074	2.25797176532327	2.17579866119376	2.1576799507548	2.00499980830751	2.17579866119376
2151	CAGL0H03311g	0.976576818489979	2.43512394323763	3.26475237423979	3.73312713126252	4.40543371075378	4.75545838513551	4.76134797309099	4.96389405786946	5.12946309657858	4.96389405786946
2427	CAGL0H09460g	0.776643034621986	1.70022596625028	2.38984764288408	2.75510183208767	3.3076894732611	3.62790506107689	3.8367637460843	3.92895874407461	3.95590332944425	3.92895874407461
4484	CAGL0L10582g	1.85379386733297	3.08080833575542	3.37568860795844	3.12491905800468	2.96098253032835	2.91961256952615	2.86955864791411	2.65261815195634	2.35536522631811	3.12491905800468
4474	CAGL0L10362g	1.61168521109864	2.06178599039811	2.39343230433835	2.56410971491444	2.45174861058223	2.45670780518964	2.222812796206	2.21406794910011	1.97788324383109	2.45670780518964
1388	CAGL0F04697g	1.60810071011148	2.59749788192219	3.06535760346782	2.96977405683377	2.89007625727181	2.87049622341501	2.89800385113112	2.70529962263663	2.35733626627929	2.96977405683377
1966	CAGL0G09020g	2.49346022528883	3.27135369322369	3.41555909508859	3.30790105430987	3.25537045186617	2.97423966398641	2.87568834700893	2.67498382230079	2.20628217069829	3.30790105430987
4812	CAGL0M04675g	1.89497156116401	3.1651410372255	3.58593934316365	3.43013334328983	3.51290281834479	3.31389039928418	3.17746768928323	3.06417100698751	2.78853709623561	3.51290281834479
1806	CAGL0G05335g	2.00500802696365	2.93912626415385	3.30876532161363	3.20032185063353	3.1704300172846	3.06571665529614	3.05851131368611	2.94110758109583	2.5703786259624	3.20032185063353
4997	CAGL0M08734g	0.731744825034792	1.40551404993164	1.89783580430127	2.08274905584798	2.37460851304088	2.44723334314067	2.49254509880019	2.57371015187416	2.2406596563572	2.49254509880019
2390	CAGL0H08558g	0.793787760226517	1.36490453747178	1.65390643749815	1.89865050571187	2.28242504608167	2.56837367945992	2.50218649264241	2.65022944479927	2.646024834641	2.646024834641
3932	CAGL0K10824g	2.70422065646071	3.83288710545603	4.25249867532988	4.3741018780728	4.42616458311308	4.3916713088248	4.60545619848812	4.44947225288264	4.53539985795565	4.53539985795565
3144	CAGL0J04884g	1.90168595630388	3.39834807517322	4.24871342934903	4.57335845338093	4.65518939722348	4.58056712421158	4.35295572197282	4.32559448162357	4.34645372220526	4.58056712421158
654	CAGL0D00286g	0.643015832702133	1.0491720895061	1.30015547149643	1.60714753277351	1.9485084242428	2.32811705850424	2.35338109114665	2.62395871928957	2.62273678252798	2.62273678252798
2359	CAGL0H07887g	0.0101142604002575	0.497625214015676	0.789591172382881	1.06400550652835	1.49729609663331	1.9066189780346	2.12498746181421	2.12828010408895	2.01019154328857	2.12498746181421
2738	CAGL0I06138g	0.47499691096112	0.857928644315876	1.37042099845865	1.58300655857819	1.96546542645876	2.15412275407889	2.30813127777629	2.47757514505592	2.68687609773771	2.47757514505592
4972	CAGL0M08184g	1.01952028543579	1.99824215865388	2.88950373251542	3.06928462155209	3.19503627081607	3.42972433538259	3.41697384666816	3.450892903276	3.49374711994092	3.450892903276
479	CAGL0C01771g	1.38255080310969	2.30043613048087	2.89121586431692	2.91993758370176	3.08494212016823	3.10283989786041	3.10880685749643	3.02624688168321	2.67271346987883	3.10283989786041
3211	CAGL0J06358g	0.0216972652867407	0.553274764890034	1.29622199978042	1.62108868229692	1.84783783777233	1.96579026407928	1.93518612361498	2.00060901453976	1.89627585230083	1.96579026407928
5075	CAGL0M10439g	1.10796865156405	2.18219443026342	2.62377086796877	2.49235136867002	2.33962560466427	2.20639921430813	2.09145092195784	1.89022388816746	1.65280764853421	2.49235136867002
2555	CAGL0I01980g	1.49622345896816	2.35769309711478	2.6707375942351	2.65266347993499	2.46875621641978	2.3834495969913	2.27740239719248	2.22391082011155	2.18540557335016	2.65266347993499
1950	CAGL0G08624g	0.0562271860855983	0.132226107145573	0.820748501451055	1.38064290863186	1.90831940903012	2.04685006224991	2.1721835891917	2.03530547241498	2.01593825915564	2.04685006224991
2914	CAGL0I10296g	0.76504568666921	1.30744124826806	1.75285388727061	1.85315445284049	1.86699415259658	1.91972497448764	1.77477291327107	1.74998694034607	1.71250882805017	1.86699415259658
9	CAGL0A00341g	1.62934507112169	2.91072908699989	3.70460673142447	3.86779683534514	4.14770508854492	3.96165401918516	3.78117019841494	3.8635394059397	3.65517167436173	3.96165401918516
81	CAGL0A02145g	1.6555467389093	3.94784631741385	5.29678784960884	5.72269810363499	5.83337935676293	5.86134840347768	5.63370009141957	5.55946907950637	5.22254515857921	5.83337935676293
2995	CAGL0J01331g	1.88215493733091	3.08859158860226	3.5787484609369	3.49055144071627	3.58039731089281	3.4878597960916	3.50935010016168	3.30777473364053	2.88422657734149	3.5787484609369
5221	CAGL0M13783g	1.17484932482388	1.67922497319497	1.86264874388235	1.82384160775281	1.59500873791856	1.58887891103569	1.46774922091365	1.44150019502964	1.55836632881802	1.82384160775281
2033	CAGL0H00528g	1.80348259267175	2.93239272651091	3.64037549609761	3.95821325766079	4.06941715933576	4.31658316876291	4.3649678241806	4.3616653819669	4.16626502079151	4.3616653819669
1494	CAGL0F07117g	1.24577456738237	2.3168129617442	2.7663598693845	2.92088236077321	2.9670752411179	2.85440353472244	2.83573935889563	2.79162033694097	2.46528900444797	2.92088236077321
945	CAGL0E00649g	1.19810753175193	2.33348341561383	2.8795682646194	3.05713620551635	3.1352084179075	3.24994492866233	3.24662097019465	3.17786756459426	2.95492264659346	3.24662097019465
3494	CAGL0K00891g	1.84697594500998	2.42779177814798	2.57838025243503	2.43481695578234	2.2975546849954	2.12706921990601	1.90984518078854	1.93239296351044	1.67146511643959	2.43481695578234
3820	CAGL0K08162g	0.886350143240003	1.56286078393852	2.00310522100106	1.95012687344629	1.7760750940156	1.68655694193152	1.52084709251756	1.60004665622556	1.64288988614474	1.95012687344629
858	CAGL0D04972g	1.07652895667371	1.96225017934793	2.15607968574272	2.02242912671016	1.71841710340436	1.39072695314001	1.20815397666136	1.12404882161913	0.912697618489172	2.02242912671016
4287	CAGL0L06006g	1.45181969113218	2.13462870406658	2.45823178889509	2.52633828141909	2.34410522187129	2.50656758581315	2.61079137136957	2.5567205196347	2.89709722996619	2.61079137136957
2972	CAGL0J00803g	1.19133947479348	2.00483240958225	2.37408225431331	2.50703869404499	2.2381936901735	2.12788711706135	1.98990798191611	1.96778290701164	1.91529820116009	2.37408225431331
3471	CAGL0K00363g	-0.0653089875234811	-0.192100527612661	0.134389202300699	0.700033423150528	1.11532000184794	1.70912439789422	1.85706289681805	2.1303396491938	2.30102794472498	2.1303396491938
4170	CAGL0L03355g	0.948737573378113	1.47977709037882	1.74515830105327	2.01107612350653	2.10917203763302	2.00303108510736	2.02276435410055	2.00053609028287	1.81021902408119	2.02276435410055
688	CAGL0D01100g	0.981161104488577	1.67156546862495	2.13814167279955	2.08925437775447	2.06815160826224	1.91588871855418	1.776001723981	1.70475630921001	1.42967420197937	2.08925437775447
4433	CAGL0L09273g	1.09242154233084	2.38876642601179	3.09115814794368	3.57464840998138	3.9934488780953	4.24661614774534	4.39312712518393	4.41189681284501	4.38218937797536	4.39312712518393
480	CAGL0C01793g	1.22830857906089	2.27151471531612	2.89931881342159	3.02846232389155	3.10455384559416	2.90953600858726	2.85939095114405	2.65978926837321	2.168167435832	3.02846232389155
1838	CAGL0G06006g	0.65318413894468	2.18924113546099	2.78876461475714	3.23280553422765	3.80683004198132	3.9048849748796	4.01630288721988	3.97469788651548	3.93082986135617	3.97469788651548
3058	CAGL0J02948g	-0.221133331372411	-0.0537421757881127	0.688481370697532	1.1806214758014	1.6788996039669	2.03745493452863	2.21463252915148	2.03083062323686	1.91384283650957	2.03745493452863
5220	CAGL0M13761g	0.809451146016036	1.43448354826564	1.94035564911215	1.95166827147304	1.93800559224121	1.84150886361082	1.7671622368024	1.60073120580557	1.59337083710412	1.94035564911215
4212	CAGL0L04268g	1.80613850794086	2.61085266362675	2.73626339737598	2.43855666041719	2.08190282345493	1.68579707449887	1.46128330888063	1.3089541326666	0.78630561789583	2.61085266362675
4463	CAGL0L10043g	0.638584025793036	1.02714006590492	1.44510486838674	1.64263700328854	1.72025610494262	1.99625376056098	1.94578553466158	2.04446541718165	1.91992004641461	1.99625376056098
3530	CAGL0K01705g	0.886812376790515	1.09602119758957	1.50619217285467	1.69200321346073	1.88182685828258	1.91319071086191	1.75395659213728	1.71196169374207	1.46495600660867	1.88182685828258
2659	CAGL0I04444g	0.736876276352641	1.42326984545521	1.57327929768507	2.06601649674838	2.68853472968321	3.11596884925705	3.48333233865433	3.38921725811185	3.09168063471652	3.38921725811185
5230	CAGL0M13981g	1.2845662291714	2.25945823519442	2.58415490459537	2.68756756658911	2.30676625962047	2.3130964552546	1.98667103474026	1.8984219870251	1.77475758505875	2.58415490459537
4197	CAGL0L03938g	1.62536573998135	2.53884661534428	2.90752025679206	2.80131211388266	2.88085163130375	2.84688848267242	2.69081803248588	2.8293206482504	2.44342443383339	2.88085163130375
4447	CAGL0L09691g	1.18157311104512	1.86279970474952	2.30543402673743	2.46066304041221	2.07776472365938	2.09182537418245	1.92159560473515	1.86902310641425	2.2393468415215	2.30543402673743
2346	CAGL0H07601g	1.20202647214118	2.86114141361857	4.05161755819884	4.14755208584599	4.57351056129687	4.92557298308229	4.97667774329408	5.05670473754581	5.08836485787257	5.05670473754581
2736	CAGL0I06094g	1.51528484094783	2.15752183747407	2.24071146533475	2.08947869652838	2.01855302536298	1.92350778885686	1.94127657389791	1.88951860576316	1.72209879804174	2.15752183747407
585	CAGL0C04213g	-1.46889913772866	0.525134331769543	1.94955894702035	3.49619261456689	4.6704704845462	5.20531683885168	5.03083471975769	4.93380385404394	4.48658071000672	5.03083471975769
4853	CAGL0M05665g	1.11664948734581	1.94161566671429	2.15531254646986	2.18599150636308	2.31742536991407	2.08946366796469	2.1574174167554	2.12425430464366	1.9608280723511	2.18599150636308
4070	CAGL0L01089g	0.955655603859844	1.605870977741	1.9779602427416	2.08022905141445	2.15614319737912	2.26347645422291	2.20843222232756	2.07816122355376	1.93591862608618	2.20843222232756
1036	CAGL0E02695g	0.485964013153504	1.03013181056259	1.60880763382941	1.77403456033273	1.81718680264582	1.95439334386132	1.89396811048437	1.93628406581715	1.90171429090223	1.93628406581715
1193	CAGL0E06380g	2.91822921637345	4.04763944672821	4.2701815449436	4.26684931365623	4.22606144100259	4.08683729646911	3.84387887110886	3.79718993084879	3.5883839600609	4.26684931365623
2924	CAGL0I10516g	1.41500231745923	2.12399595902692	2.33663055288958	2.33031422580511	2.35697584092021	2.41616119761255	2.51149297901889	2.45004819634901	2.36395182759091	2.45004819634901
2894	CAGL0I09702g	1.28277062778488	2.35695443767108	3.28816663785495	3.81610607690554	4.03084058702602	3.99521951472427	3.89570821735181	3.6432340950834	3.65622990687967	3.99521951472427
3311	CAGL0J08591g	0.964352620550341	1.64991020415005	2.05037602251831	1.9613496738637	1.89060195076155	1.94775067902974	1.94138531876212	1.93303552161458	1.81223762438583	1.9613496738637
1331	CAGL0F03267g	1.05461963118829	1.8722389160113	2.28622569905127	2.53406509238682	2.48283300568108	2.50974244802861	2.41001904871961	2.41563634162231	2.25099083265633	2.50974244802861
2981	CAGL0J01001g	1.17177301051791	1.53154388934642	1.74557930406499	1.91630674344869	1.88655490924303	1.98400943381186	1.8735376542477	1.95230414037556	1.94918028650923	1.95230414037556
4828	CAGL0M05115g	0.498428630667962	1.4679284167369	2.66448966789676	2.90969150374586	4.15762283999456	5.26966084805087	5.5207684180849	5.80212660208973	5.89009208199155	5.80212660208973
1348	CAGL0F03707g	1.14255045920934	1.8750804632535	2.43887648696737	2.56891114251046	2.46751624524469	2.20254436568908	2.0158975615619	1.91193406463699	1.8059468564045	2.46751624524469
2142	CAGL0H03113g	1.33124468768593	2.01724070912544	2.20654577128344	2.34821511416699	2.61854860821577	2.67528439928713	2.64708887673578	2.71537086799471	2.87221779527705	2.71537086799471
4500	CAGL0L10912g	-0.663242519838938	0.0594120850884297	0.366367970417212	0.948689647706434	1.40942993199381	1.74136309108602	1.78967496541643	1.99184964792163	2.22354279134794	1.99184964792163
816	CAGL0D03938g	0.0463628384689621	0.698188389364103	1.34651117413102	1.53503100627296	1.78652687494182	1.87042014960922	1.92850903682553	1.84422554623046	1.69219262748225	1.87042014960922
2745	CAGL0I06292g	0.71840504400866	1.05539034835187	1.59262645926095	1.72780526890648	1.81067887217861	1.94600877200875	1.86204162101717	2.01007961814604	1.93818029623818	1.94600877200875
3464	CAGL0K00231g	1.52603627329489	2.74055264796023	3.2933794081996	3.24974878262689	3.1457340032758	3.01967296164274	2.98900811153017	2.90589620713239	2.85049110998806	3.24974878262689
4313	CAGL0L06578g	1.49680738317933	2.61650865233675	3.50783955811477	4.25365430658975	5.22652448329	5.70289595967981	6.23262283439962	6.49004969685753	6.65766006865746	6.49004969685753
3106	CAGL0J04026g	1.58904052741169	2.4870959985598	2.77523608279397	2.83786765734124	2.68711790738832	2.82416576375868	2.75802046647686	2.79675964753208	2.76853102387115	2.82416576375868
4733	CAGL0M02981g	1.1241520826448	1.77185587316403	1.94811703074993	1.84385887535133	1.5146325305037	1.26845224399751	1.03266777528478	0.973058547027994	0.835691029111453	1.84385887535133
4543	CAGL0L11880g	0.737284588042264	1.49724668978862	1.96143905368328	1.90849837888702	1.82316638438719	1.87446458058909	1.85162933826252	1.7135288486024	1.53655273967614	1.90849837888702
1892	CAGL0G07315g	1.41179042310609	2.16588288900124	2.06653628216621	1.57529726004506	0.81825453277748	0.419376825113596	0.176735482777413	-0.209823505367252	-0.461790326313198	2.06653628216621
3669	CAGL0K04719g	0.682052092326471	1.8379187032966	2.27731258809668	2.38637420207273	2.42263105751026	2.1510961637417	2.13648857004557	1.82725607230215	1.23829239516648	2.38637420207273
2183	CAGL0H03971g	1.65063431893142	2.93851768280264	3.76011848081919	4.13556167904764	4.28783142228794	4.05949608441084	4.02127792555846	3.84253810023047	3.5176716292375	4.13556167904764
1626	CAGL0G01122g	-0.0520456416249466	0.353906204169026	0.883706431230737	0.806558889505345	1.36582222578269	1.8803533740443	2.12060396920721	2.08647792016724	2.20897341632685	2.12060396920721
2962	CAGL0J00583g	1.23709239450347	2.00776612482999	2.16683121888417	1.81603153824362	1.5872048284833	1.36667704569499	1.33327672541859	1.20325770476138	0.975644478300119	2.00776612482999
1232	CAGL0F00869g	1.65712018242761	3.24247116611065	4.12996694811952	4.14158812224254	4.29636582363266	4.06502280781678	3.85799403357186	3.79874092801629	3.54260973328824	4.14158812224254
5228	CAGL0M13937g	1.55158688963784	2.05173335043682	2.0858585965963	2.04353186273479	2.10713082982651	2.04428896050862	1.92824875007013	1.9244966393664	1.66839926291631	2.0858585965963
4803	CAGL0M04499g	-0.210917468771895	0.0937847265131895	0.399885144878125	0.290989202391581	0.574665327996044	1.03946240160647	1.49592119262545	2.19130738371951	3.06828645616616	2.19130738371951
134	CAGL0A03344g	1.5598421739549	2.01409205014933	2.16999058768559	2.00581690965157	1.87560654575654	1.91386241618259	1.85597046025104	1.87834114656202	1.79099564451582	2.01409205014933
4184	CAGL0L03674g	0.906100618089484	1.47930732344734	1.84570929735099	1.81525562864856	1.64774045903202	1.78089759556113	1.53775345540724	1.54781542868473	1.41926661951818	1.81525562864856
2053	CAGL0H00979g	0.51933494053781	1.09856212159949	1.4298414804849	1.74334305172523	1.9520343775621	1.97441465796107	1.97318143410774	1.99166842081482	1.74474699315423	1.97441465796107
2998	CAGL0J01397g	1.19810355865119	1.95028366473832	2.20917037129552	2.08021932172746	2.08323962263664	2.09086769926807	2.06958363894383	2.17200390944532	2.13399489228669	2.17200390944532
1181	CAGL0E06116g	1.27775291367305	2.15808146375634	2.76286482732394	2.60535432749858	2.65452947028509	2.8889229552662	2.6673484924374	2.77665742678619	2.69551588790987	2.77665742678619
4816	CAGL0M04763g	2.7137796126615	3.8705175599619	4.19035558937726	4.22370092856297	4.23322148818774	4.25115676621676	3.9721013956599	4.01237935166113	3.91020314548983	4.23322148818774
2863	CAGL0I09009g	1.49164191029643	2.20041743880308	2.25601993905955	2.44882046342792	2.39413177604421	2.12361948799561	2.03795949491831	1.75534472177755	1.58404172220754	2.39413177604421
4369	CAGL0L07920g	0.927526205131517	1.58084654357457	2.13291131585524	2.14101653569855	2.05311515337698	2.23975495050843	2.08278169452439	1.83508116845291	1.52541115284043	2.14101653569855
1968	CAGL0G09064g	1.09487234535465	1.89541034973479	2.45961791029104	2.65323297572481	2.76498129335934	2.76050844768235	2.7866308329247	2.7191674375725	2.47412792945774	2.76498129335934
2204	CAGL0H04543g	0.496826721123258	0.824801540336939	1.16587747948279	1.60343005575805	1.92635701088647	2.31290012983031	2.31692959475094	2.46106516723898	2.44631552824123	2.44631552824123
3914	CAGL0K10340g	0.490132488335829	0.915935136443241	1.17473023722382	1.23115590973994	1.40839723638185	1.76863724884164	1.88849990126286	1.99294746448111	1.90713806120261	1.90713806120261
1690	CAGL0G02563g	1.06610516407983	5.22324693564828	6.82750221747711	7.27061570616524	7.70535782605875	7.89411237421367	7.57194400711734	7.55282459586361	7.27435201046121	7.70535782605875
1180	CAGL0E06072g	1.80516170606497	2.46544334881955	2.4313326831952	2.35612234681987	2.10734341522538	2.04071664182811	2.10152615608435	2.08606860546594	1.85219731406919	2.4313326831952
540	CAGL0C03113g	1.32362525671051	2.29449663909084	2.66924914257482	2.64387055471606	2.64252611898364	2.42359207653686	2.3445517588766	2.24120768978579	1.85152178551179	2.64387055471606
3432	CAGL0J11308g	1.20727425945827	1.75409667981585	2.01039393815089	2.07776580043051	1.87687825969307	1.75058621966109	1.64636928345895	1.55893977083336	1.38134304671335	2.01039393815089
870	CAGL0D05280g	0.650600078569408	1.16887759877101	1.3006908381125	1.56097321102724	1.59804032329263	1.73669694216861	2.01566374008041	2.11242206128496	2.4239199479369	2.11242206128496
5018	CAGL0M09229g	1.18582378201469	2.09686095188365	2.17487809264961	2.00047654211959	1.81178384470008	1.43326221997392	1.47704023700889	1.18725263683507	0.813437083146509	2.09686095188365
3188	CAGL0J05874g	0.903829062029267	1.13804664820718	1.43962815630216	1.7101259937419	1.86106207563426	2.0345104442045	1.88826801855163	2.12625012035387	2.14938154137048	2.12625012035387
4303	CAGL0L06358g	1.38104333824952	1.87313588701558	2.03441656055003	2.0678086292706	1.98343199853104	1.93456522664204	1.88921446878213	1.86187321861147	1.74061914413247	2.03441656055003
4844	CAGL0M05467g	1.91386629824253	2.90972558843284	3.3038167234959	3.31290151901477	3.30188649980562	3.28951350142345	3.25584123462723	3.17671048320998	3.0083351119605	3.3038167234959
383	CAGL0B04323g	1.06105916229312	2.09406343057191	2.59085247800769	2.53965503714832	2.66844646329256	2.54518103883305	2.47832460303321	2.33014218821811	1.94954727472131	2.59085247800769
2044	CAGL0H00781g	1.5698550209654	2.2897581501787	2.39729050531075	2.21675616948707	2.02227117734962	1.73083068435793	1.63569958734363	1.38196759135577	1.10679605504257	2.2897581501787
409	CAGL0B04917g	1.13841639446634	2.66121159266802	3.58574979650268	3.39420012046449	3.14924657567386	2.96728360694602	2.90951805426633	2.88467620212176	2.65874376007566	3.39420012046449
950	CAGL0E00759g	0.592101785469838	1.09670345072674	1.46727597496622	1.63637720047397	1.76571101901703	1.83652793212799	1.80682563657132	1.8443904596944	1.93826878577289	1.8443904596944
4917	CAGL0M07007g	0.595589793657866	0.734819816904937	1.08550692187897	1.33895527959254	1.6000766052537	1.77394411749727	1.80486199279443	1.84549959592469	1.69164787807225	1.80486199279443
2281	CAGL0H06259g	0.897446600895275	1.56593388223864	1.79062559841479	1.86146555023921	1.74573528953248	1.86473878220505	1.77198893249856	1.77286875978807	1.67574799361494	1.86146555023921
3657	CAGL0K04499g	0.868149858715423	1.22313903416189	1.46530479136535	1.64352646654379	1.86600042490793	2.39286780189807	2.73086438213609	2.71973092337464	2.78736419960947	2.73086438213609
3216	CAGL0J06468g	1.15421306704368	1.74752131385687	2.00413808948773	1.94615803694946	1.81324611073151	1.74630859403823	1.6323259833577	1.499167050163	1.25002211476981	1.94615803694946
332	CAGL0B03201g	2.00127963009697	2.35761426082157	2.17582721333311	1.83570369521971	1.55655724975854	1.32098759076192	1.00478974551109	1.08890171737311	0.771403437142883	2.17582721333311
2223	CAGL0H04939g	1.46252751721597	3.39312306858025	5.09666938568314	5.45069840305745	5.956761816628	6.1724372457255	5.87961133262218	6.21316903573897	6.18559402497766	6.18559402497766
4360	CAGL0L07700g	-2.02447931083092	-2.30383460493059	-0.843724528739672	0.138805922603354	1.2460624129214	1.61613735354672	1.82295062665939	1.9119179302883	1.89895841264452	1.89895841264452
4708	CAGL0M02387g	1.02761307049945	1.95089404161423	2.44407559771339	2.49678719797275	2.76065358140754	3.01022703162483	3.10510673540663	3.34727769971682	3.47964176385843	3.34727769971682
3648	CAGL0K04323g	1.73055888103809	2.20924298353187	2.38137586476504	2.28371387835262	2.30998491453015	2.19235115801521	2.17122214392483	2.38467871618033	2.29955749464962	2.38137586476504
1810	CAGL0G05423g	0.0314641297381795	1.45510484119765	1.42203408375841	1.96309961861067	2.74863181996724	3.15367023425194	3.3125258962147	3.48658704377103	3.51109981393491	3.48658704377103
274	CAGL0B01925g	2.54322231478673	3.47169429205104	3.85408239020832	3.82580420348295	3.70708364456903	3.74594284588513	3.64774979923537	3.64360375278765	3.40188405698826	3.82580420348295
4957	CAGL0M07744g	0.683874681461695	2.03921673774312	3.24440808389073	3.47957794202063	3.7433147209577	3.80520447760006	3.57747699398564	3.64517793996961	3.91257766307409	3.80520447760006
385	CAGL0B04367g	1.44631308768417	2.20760759320042	2.14504414659312	1.89539330419763	1.33002528666201	0.972590106490205	0.669617394920965	0.616900879650903	0.462713556519017	2.14504414659312
4524	CAGL0L11440g	0.908164236417112	1.78900894982314	2.147903557577	2.04443217597976	1.90470405324828	1.92869291350153	1.90569915347617	1.76683726386354	1.46639806251259	2.04443217597976
3235	CAGL0J06908g	1.92594482200387	2.29431351900457	2.4253530185595	2.44323497791371	2.36387406650861	2.42526841286775	2.35678860585203	2.32562613648172	2.22579605706602	2.4253530185595
2520	CAGL0I01100g	1.46621258747676	2.82133971038501	3.01050818162012	2.72685556490211	2.70911271117556	2.56450468820972	2.45033375046233	2.22510083735106	1.78871584407167	2.82133971038501
3836	CAGL0K08536g	1.33024774404279	2.89495959944385	3.18997826954246	2.76132495296617	2.47151201860024	2.01733389456719	1.84649574473868	1.46984228622442	0.75223564907764	2.89495959944385
4926	CAGL0M07205g	0.93236025319385	1.81391595973675	2.30817723327481	2.45976649131785	2.57905786795362	2.40744541336691	2.44844180526574	2.27532266087535	1.9959616636519	2.45976649131785
3145	CAGL0J04906g	0.255362372727425	0.846357648961288	1.55059703457459	1.66852499252953	1.98895744955913	2.14483313251047	1.9890211620807	2.25335066546411	2.33178748413986	2.25335066546411
2446	CAGL0H09944g	1.06351510440011	1.55703418398419	1.72913915247084	1.8089294649757	1.84331599502163	1.78125640143839	1.7625225521668	1.65211240054069	1.43215511907495	1.8089294649757
2370	CAGL0H08129g	0.478535159707732	0.658771624080043	1.08037680299075	1.32037170699674	1.5120812734399	1.86409332187073	1.74145503094784	1.95977717239119	2.02993594538897	1.95977717239119
2602	CAGL0I03168g	0.567444704531502	1.15878865279414	2.43140147008147	2.93627119350774	3.00598091716636	3.11057519499328	3.25668336200501	3.48637802014557	3.48983317434905	3.48637802014557
683	CAGL0D00990g	1.7674830288825	2.60202467483783	2.46800643265461	2.62127909611694	2.62336986790009	2.44503424956476	2.3278828166067	2.24997861850013	2.23920344838405	2.62127909611694
76	CAGL0A02024g	1.3980771086849	1.95546238820808	2.21684557702966	2.18163033487115	2.30032939698095	2.47376066717865	2.36108772251417	2.56295642124671	2.33279338125834	2.47376066717865
2225	CAGL0H04983g	1.23243305594167	2.02234602615256	2.28424984523184	2.2219375818463	2.14741630308786	1.71312780505043	1.48589618743059	1.23538066816312	0.888111052377568	2.2219375818463
156	CAGL0A03872g	1.11046171958072	1.82031179993277	1.97383088367951	1.79108397028173	1.66174664387212	1.47262680455969	1.52658624477018	1.35104881735291	1.08055991682123	1.82031179993277
3243	CAGL0J07084g	0.715529720321573	1.57180088499133	2.23357064576414	2.23850922158527	2.23554697693796	2.05910569636782	2.15555732494543	1.97782776234986	1.92594983256077	2.23554697693796
2375	CAGL0H08261g	2.05154688905764	3.57595302122642	4.22337182994198	4.29833932632894	4.24268751082182	4.2273950051244	4.07065677728315	4.10055249763768	3.91484187853822	4.24268751082182
4730	CAGL0M02915g	3.14691642144908	4.86454322019711	6.16770385741127	6.44886500814778	6.8888509472491	6.95612668631828	6.8655850342449	6.78917319747409	6.54903866318107	6.8888509472491
4983	CAGL0M08426g	1.46103487906092	2.07558394503739	2.41414025029817	2.36108896181403	2.32894047450622	2.32368988227947	2.40280134195131	2.29739664961713	2.25343357348316	2.40280134195131
656	CAGL0D00352g	0.843849535765275	1.84454372567382	2.38589559669623	2.51440467454809	2.48119537323447	2.64041490407923	2.66059423610621	2.71575431044239	2.87847914883716	2.71575431044239
4362	CAGL0L07744g	1.26568909793703	2.08389201628088	2.45262820681207	2.43418459014615	2.45828251786299	2.38996772066667	2.4284734319683	2.3169493711282	2.28959885716233	2.45262820681207
2918	CAGL0I10384g	1.93445241442036	2.43951181683376	2.44006720574585	2.54415846000336	2.50367055047252	2.3467600452435	2.44607491798439	2.19517784353866	2.35256055404302	2.50367055047252
3440	CAGL0J11484g	0.226892217404941	0.825529996519155	0.912379259116116	1.85593402482974	2.15413626953039	2.09227228433495	2.10684342782533	1.83477402496956	1.81610394092182	2.10684342782533
2174	CAGL0H03795g	1.66262144936637	2.04479563312916	2.0768104171771	2.07787894681479	2.01821847645212	1.53528293262244	1.42520301887341	1.19478006925409	0.982965748188641	2.0768104171771
2150	CAGL0H03289g	1.81745089359333	2.07825245401501	1.86651457344513	1.68354073695196	1.3301691060418	1.01300093558192	0.836284578125093	0.723365413618743	0.433974985398782	1.86651457344513
640	CAGL0C05489g	0.954031506837326	1.5446841600388	1.95041746173523	1.87849153251704	1.87296751849577	1.96222865083684	1.89608944578007	1.99683404121621	2.02267179361362	1.99683404121621
1829	CAGL0G05830g	1.92143174288277	2.80080637513576	2.97539678950639	2.76800762533928	2.67326176742218	2.30729743822762	2.35114764871992	2.01664203402886	1.69850456309418	2.80080637513576
4469	CAGL0L10208g	1.01661894969617	1.52751871510453	1.95064604180709	1.94282899463797	1.94984255554349	1.80234420653329	1.74725512786916	1.62152967027204	1.41671414611655	1.94984255554349
600	CAGL0C04587g	1.37991802406466	3.42084779596314	3.97313763163817	3.5550337035313	3.37795887098846	3.06753366318765	3.04490722054603	2.8883040591328	2.65170284120552	3.5550337035313
3924	CAGL0K10626g	2.54833458231772	3.57357829191034	3.56463446836966	3.2981153130519	3.00648830532462	2.74221497108552	2.81853553119487	2.49427682273233	2.09561921988507	3.56463446836966
347	CAGL0B03531g	0.697305130318612	1.43439653156024	2.07742364433974	2.10776509076164	2.50439175185789	3.05562045638401	3.15660511121049	3.45610413147273	3.29847340536455	3.29847340536455
3864	CAGL0K09218g	0.784288426825877	1.65698580882665	2.2602362963381	2.25675895555454	2.03702124420274	1.71217680006163	1.45553114730471	1.35841742763465	1.08944355769766	2.25675895555454
4430	CAGL0L09207g	0.879341570092388	1.41188968296531	1.80727535978047	1.79967703823324	1.81584732757606	1.76675111634035	1.63927218959307	1.67583225729439	1.6846770561366	1.80727535978047
671	CAGL0D00704g	1.07563263193172	1.91343820838791	2.14940121091131	2.15813778961756	2.21492655658978	2.04635843689697	1.96112807882566	1.73035953373394	1.34069253116357	2.15813778961756
2848	CAGL0I08613g	-1.0902401744942	-1.27890186783636	-0.343513804345832	0.917764216562722	1.79120356082369	2.3130993496353	2.52478844127619	2.56156245579589	2.2248484989095	2.52478844127619
707	CAGL0D01496g	1.2318287730044	1.82080663365928	1.87846492420498	1.79564240186563	1.5006157401805	1.57878557623486	1.46753272068362	1.35379384247885	1.19695619832779	1.82080663365928
1449	CAGL0F06061g	1.03444191626202	1.53699668014234	1.8701936005304	1.81351770896173	1.82122652263535	1.60675994372581	1.5444862496968	1.4333575405339	0.974533379528199	1.82122652263535
863	CAGL0D05104g	2.1948389612677	3.44645813676623	4.72175726824241	5.46546653830216	6.05853805551097	6.66896618042539	6.9739577935729	7.11756955430911	7.20005278126614	7.11756955430911
2303	CAGL0H06699g	1.11428320445507	2.40311344501689	2.86469824994232	2.82076942783538	2.59208224712997	2.35191231396096	2.35926151844048	2.25935644663959	1.95029938965784	2.82076942783538
1211	CAGL0F00341g	-1.46020954654991	-1.56738399262509	-1.1556243041612	-0.484493264290805	0.960514046775446	1.27586420071214	1.73176927942262	2.03583548554958	2.07074873205927	2.03583548554958
2667	CAGL0I04620g	1.1869022074857	1.66000189258009	2.00442336374046	1.85466150051637	1.70103071941609	1.55701089955872	1.48048765896172	1.41327539720245	1.29657491363271	1.85466150051637
1807	CAGL0G05357g	1.74112264014085	2.69029106338497	2.91794552918977	2.97907683090193	3.01662343724218	2.94421885741907	2.78329782531174	2.72657937569236	2.23971212727585	2.97907683090193
4898	CAGL0M06633g	0.912960091424234	1.80571399080551	2.27984357970762	2.46149973674112	2.83056240358599	2.7908209809425	2.91304000802456	2.77234754224791	2.52704555622933	2.83056240358599
3644	CAGL0K04235g	0.594774497473075	1.16562437929139	1.55755674688633	1.50954075258776	1.85438357455743	1.83952539078864	1.81502553449267	1.86213118288052	1.61678160078532	1.85438357455743
3341	CAGL0J09262g	1.89670709249499	2.99947386583155	3.26279537767158	3.15027053833053	3.2064451255814	3.14610339571967	3.02856862168754	3.05134819817013	2.80774660386545	3.2064451255814
193	CAGL0A04675g	2.03808682411291	2.76693286439197	3.00317174686691	3.21770515096634	3.41317467724549	3.43911167238157	3.60232211164142	3.70095907024991	3.35075574490325	3.60232211164142
2308	CAGL0H06787g	0.288306493986314	1.19764741838818	1.73057356395017	2.17912465437097	2.82250315402098	2.87643477339077	2.99585359208452	3.06607298019493	2.62579202110505	2.99585359208452
961	CAGL0E01023g	0.318504844290772	0.868547242832279	1.09580037003854	1.31186096357265	1.59162119938795	1.97247021682011	1.81968930703914	1.95276770561613	1.95771457642477	1.95771457642477
152	CAGL0A03740g	1.62072850627579	3.00596198039627	3.5512098165663	3.98126314182966	4.61484521376712	4.89189312615198	5.14919867001451	5.42706134823064	5.2333547273663	5.2333547273663
3918	CAGL0K10428g	0.963376029847393	2.43422090152331	4.00582864247734	4.7071818518466	5.10269720522543	5.59895718388489	5.54038360774147	5.65361413208158	5.49907070431091	5.59895718388489
1270	CAGL0F01815g	1.13744246434582	0.8411818619393	1.25621727167362	1.9768721609523	2.48692761412949	2.38349522453026	2.24627612778112	2.27064758433519	1.80110648023684	2.38349522453026
4326	CAGL0L06864g	1.86719127010966	2.63566885219702	2.84026738988508	2.86247339713033	2.62563986862728	2.53507924383022	2.43444387150167	2.3687784712725	2.46685450547538	2.84026738988508
590	CAGL0C04323g	0.943273567419073	1.97099517681301	2.92117636799198	3.144341307283	3.24603829788062	3.69618064464568	3.66904643816536	3.74471625661105	3.9296990442022	3.74471625661105
265	CAGL0B01743g	0.725976272848825	1.64691877064368	1.74495865461044	1.98077580092305	2.14259783943861	2.24389042729001	2.1160182067278	2.25470020375597	1.9676451357171	2.24389042729001
4314	CAGL0L06600g	1.40769767731814	2.16963191002773	2.36669625493302	2.31516982501748	2.27563918657449	1.99597189791596	1.88834840729265	1.6563411092172	1.32427927489715	2.31516982501748
4331	CAGL0L06974g	1.21063516175491	2.30230156270205	2.56448020593477	2.29102704059024	2.12562460508231	1.91410834484796	1.85847133652203	1.54241948366247	1.00366854526993	2.30230156270205
4274	CAGL0L05676g	0.724154941135484	0.155425726908657	0.234501513593677	0.733213832219412	1.18225844779686	1.28016610490619	1.47847799360687	1.85550295296895	1.9172712382355	1.85550295296895
1158	CAGL0E05566g	0.943086926583208	1.42329679629603	1.80407336517925	2.05179070225353	2.01244786417613	2.14541060917472	2.14367931100518	2.04382923304292	1.90972212043454	2.14367931100518
4914	CAGL0M06963g	1.97934940088095	3.16033234560648	4.34900787395677	5.2716351682246	5.67904072152017	5.82823357806222	5.90777568540445	5.79294248776839	5.70132189672842	5.82823357806222
955	CAGL0E00891g	0.826430140532701	1.6871274721025	1.85991807303463	2.17747240415667	2.21590224109563	2.46484108328517	2.79389596873318	2.78658521636001	2.50233137658232	2.78658521636001
2927	CAGL0I10582g	1.30136323106853	2.07678942720967	2.68586449628211	2.78673731724152	3.0641677817448	3.07371875515372	2.82598016671165	2.96006245295506	2.84385806496106	3.0641677817448
2495	CAGL0I00550g	2.0602610601158	2.79179330544182	3.17824295356645	3.43503324460304	3.3689033742933	3.36729056224449	3.44443592949759	3.29586486561175	3.46240442452581	3.44443592949759
1767	CAGL0G04455g	1.49363444473041	3.17673798536698	3.49775769382962	4.33329941702829	4.91758140379631	5.58237271166182	5.81975624645475	6.18046953576924	6.25463298936576	6.18046953576924
872	CAGL0D05318g	1.16625715729669	1.68745545423785	1.90570445201669	1.87105835216072	1.8730417486955	1.969985549352	1.7341913027569	1.87121353577661	1.9285370008149	1.9285370008149
1802	CAGL0G05269g	3.68123149856565	6.33704361375166	7.6502397451657	7.90076511555511	8.53802151721379	8.74576551716202	8.78555763654803	8.9608574297507	8.98027970862472	8.9608574297507
1954	CAGL0G08712g	0.748422882056101	1.55007266446912	1.98474236319316	1.86293244288616	1.39997488594472	1.19131736454467	1.12255371914961	1.02798482803952	0.91684827333269	1.86293244288616
1798	CAGL0G05181g	1.23669380836439	2.13215673875939	2.35706977149773	2.30494060020159	2.06630226825432	2.00386497124472	1.94362654284545	1.93870118408069	1.73910980163907	2.30494060020159
3207	CAGL0J06270g	0.838668535986857	1.37989949474819	1.78107693856188	1.88366755482464	1.90342617344057	1.98376401731462	1.86816353983514	1.9908109651641	1.81217708161565	1.98376401731462
2121	CAGL0H02563g	2.91409551675513	3.47768370921433	3.19207898404168	3.62670438053165	4.44662615062705	4.37635816989533	4.45467677696698	4.55129191015456	4.32068320578519	4.45467677696698
1720	CAGL0G03245g	1.12665947282507	1.81083380701539	1.83769865364492	1.7801150636639	1.77574705955042	1.62472799356904	1.6042247398008	1.41144199921702	1.217353914097	1.81083380701539
1866	CAGL0G06732g	1.4851558974797	2.18350312295571	2.16125825070173	2.33777827707953	2.44510977706151	2.09001600631827	2.06266788753238	1.68996381853454	1.52688479259608	2.33777827707953
4612	CAGL0M00154g	-0.151967530078592	0.018489903263303	0.72443117092332	0.36293061026408	-1.32516623696308	3.17506849757198	4.39321987871347	5.03939714838405	6.05044023524609	5.03939714838405
3019	CAGL0J02002g	0.874202426092632	1.61355534808811	1.88814284710826	1.93079246126161	1.81069881912314	1.75367413612745	1.67959677343902	1.73615186059224	1.61611958460366	1.88814284710826
4104	CAGL0L01925g	1.83440590739293	2.68746306936453	2.54245641519014	2.22616758433252	1.97374287981309	1.68655083924593	1.65738435767948	1.47048716189024	0.916406187891351	2.54245641519014
2454	CAGL0H10120g	1.77178877392737	2.60911666358951	2.99966580774505	3.08019551800685	3.20105912941422	3.20111805262453	3.22972164920574	3.18257181695326	2.93264920920235	3.20111805262453
372	CAGL0B04059g	0.649105498124129	1.34392569802627	1.54729292132511	1.626808240383	1.9316556990035	1.91411866939962	1.88249459270232	1.8723869466882	1.73952147613971	1.91411866939962
4028	CAGL0K12958g	0.769830703758953	2.00359546927578	2.52377546111743	2.50529627069916	2.55143650545929	2.36011580095217	2.25889427694143	2.00516934214844	1.62518020618914	2.52377546111743
4232	CAGL0L04686g	0.71811349124092	1.56672763758986	2.29585146466179	2.48237197740242	2.56504070842764	2.69519877844527	2.70114356573272	2.81557986535759	3.05670200326605	2.81557986535759
2685	CAGL0I04972g	0.637405900632488	0.880834400767134	1.0502471392205	1.32799939670657	1.6910154829246	1.96481041840157	1.89813687839058	2.24267939455055	2.51214337939853	2.24267939455055
3726	CAGL0K06039g	-2.64698527879704	-3.05874799976328	-1.2075498838652	0.173360072143288	1.13263218574835	1.76846000931314	1.92709321110654	2.48954544144152	2.76927834816754	2.48954544144152
2589	CAGL0I02794g	0.298416010428887	1.21036744989348	1.38223045800687	1.67547020780953	2.06363958500972	2.16758824589703	2.08288055845143	2.12364311191626	2.15593878731467	2.15593878731467
2834	CAGL0I08305g	2.10471359408409	3.39434398440776	3.62218284554904	3.59304148977965	3.32486110824426	3.24641061876075	3.24121115188956	3.08921403802401	2.84870535612541	3.59304148977965
3343	CAGL0J09306g	0.817848226159795	1.59124867687624	2.13456128606149	2.14306494446259	2.08028966576447	1.76528265340634	1.82408820885597	1.63732074231838	1.14791575270504	2.13456128606149
3514	CAGL0K01353g	1.02851300417384	1.62936585035806	1.88998564563758	1.94418759601555	2.05935156529458	1.92334574689741	1.98338605288454	1.82780167724538	1.61130910360894	1.98338605288454
2544	CAGL0I01672g	0.850234165410646	1.42252076122521	1.7764632857936	1.95358634318405	1.73408256386276	1.83838068059922	1.70411770562183	1.74189923629067	1.7343928192654	1.83838068059922
3348	CAGL0J09416g	1.20338989046935	1.58391243890811	1.95883884108004	2.22372365877529	2.40090242656885	2.29685802330886	2.38252287824462	2.3132375308976	2.13115097562497	2.38252287824462
2295	CAGL0H06545g	1.22607484560672	2.20497845919753	2.49470175619893	2.59979556469142	2.87547661400007	2.95853355116224	2.88676436488807	2.77417038036419	2.55207269179996	2.88676436488807
4397	CAGL0L08426g	2.41912362195199	3.43034974777903	3.73664110838074	3.57449998986177	3.27817522155847	2.99331808037958	2.87111054071225	2.72240614801307	2.98109103475464	3.57449998986177
2185	CAGL0H04037g	0.612456164622611	2.64529370413798	3.4709796111146	3.46381850977535	3.71277362917008	3.82832697676349	3.86726853856512	3.86250807864877	3.67168167538749	3.86250807864877
1088	CAGL0E04004g	1.56077836625948	2.64484335133724	2.50874915213304	2.76483138789576	2.50784996829202	2.33349640798725	2.06056824849386	2.13773137360613	2.12114803988092	2.64484335133724
1154	CAGL0E05456g	-3.86953761928374	-5.72954764118876	-3.5760469899415	-1.43159810717671	1.37769043417663	2.04533827615628	2.52243388638267	2.96587535441948	3.13875099660953	2.96587535441948
1991	CAGL0G09603g	0.953624714407859	1.6896019815073	1.83500566448294	2.03385485793528	2.1834190306126	2.18912667270869	2.23649481485774	2.11272203798071	2.06822700274823	2.18912667270869
5177	CAGL0M12815g	1.04732395456474	1.6312460486905	2.2829783670136	2.41602984822716	2.76368487738966	3.84991711185656	4.75584108688576	5.17056499907326	5.97229587107499	5.17056499907326
3312	CAGL0J08613g	1.32402256718921	2.29338610878144	2.78341301881798	2.79863040290087	2.81546225566351	2.78807465788814	2.76523850058285	2.64402713713902	2.18407788365686	2.79863040290087
5197	CAGL0M13255g	1.48179239226701	2.06390337049338	2.22800460094676	2.03199303278967	1.9304185875825	1.80206898403372	1.62871681033019	1.67096497606371	1.54894212736714	2.06390337049338
3970	CAGL0K11638g	0.515560472992061	2.24022898938339	3.30290961832482	4.06352268764518	4.71385279611945	5.57284741318362	5.8690807813932	6.05361965002669	6.10244682206254	6.05361965002669
4408	CAGL0L08712g	0.903220247287145	1.57471339813172	1.85704706042262	1.94832809340239	1.89463449321231	1.8261180931271	1.82748025458361	1.81337904737887	1.38919993053652	1.89463449321231
1175	CAGL0E05962g	1.32706143367363	2.44282411838756	2.96527580967714	3.02410184005287	2.91674260335757	2.85283657463522	3.28201684308809	3.13625348931313	2.79711963992415	3.13625348931313
1907	CAGL0G07623g	0.781922623635946	1.89920982536035	2.3160131665335	2.26770853130113	2.24046520297749	2.00981592301443	1.94573258103722	1.78943380439387	1.44977422451158	2.26770853130113
2397	CAGL0H08778g	0.769454707052445	1.81958687831382	2.16298200082887	2.21163452753885	2.15211579018191	2.25872162477568	2.356877491713	2.35253309777486	2.33768330228551	2.35253309777486
4324	CAGL0L06820g	1.65915147598256	2.41911584085748	2.39674792380041	2.26690359364959	2.07168656190328	1.85874549708653	1.81527676939918	1.75305713352132	1.48671747102138	2.39674792380041
2264	CAGL0H05841g	1.19343283259469	1.75310914855946	1.99257340919105	2.10094132406207	1.89400752828444	2.06151111608464	1.85573252283067	1.90000610446604	1.8897864825991	2.06151111608464
3253	CAGL0J07304g	0.972581599023974	1.70928002023031	2.12679658462427	2.10569766937025	2.08438725175013	2.12493714958235	1.80774999231508	1.91648126092775	1.95636213072325	2.12493714958235
4043	CAGL0L00473g	1.7887586359783	2.30638096950636	2.59509395608151	2.39604125817358	1.93285083100662	1.78863509403272	1.60952921182719	1.60167283545964	1.51307400828368	2.39604125817358
4870	CAGL0M05995g	0.565360925278961	1.10283441005717	1.48586480969723	2.03480683182231	2.41373727160879	2.38837765855883	2.58491530074802	2.48111897830227	2.33294282843426	2.48111897830227
1282	CAGL0F02101g	1.30972086613863	2.17032135157151	2.56907925444119	2.389201962355	2.03643055951331	2.05406589074401	1.931697745046	1.83150500793889	1.77015008619812	2.389201962355
4700	CAGL0M02211g	1.54076975046938	2.36201165256998	2.654931964142	2.46425400838522	2.42765269022919	2.19617282404021	2.13614023513133	2.03818568479061	1.68161426182811	2.46425400838522
1925	CAGL0G08019g	-0.166718405914916	0.117057674344828	0.542997446543527	1.03492934826082	1.66156483895262	1.98234972933689	2.25648980789502	2.22754269504588	2.26146811046772	2.25648980789502
1382	CAGL0F04521g	1.63229952995959	2.48695252212933	2.98985047493294	2.97844001285901	2.73082593496853	2.81888331198609	2.46002542494147	2.35582117513273	2.13490060143829	2.97844001285901
216	CAGL0B00616g	0.430464756760375	0.580928383824316	0.68573486736701	1.20245663495777	1.67649147229158	2.33339961548458	2.67705522555957	2.91406599242016	3.13028785575999	2.91406599242016
5190	CAGL0M13101g	1.14873567603753	1.82116430526005	2.10527035689141	2.31755317544501	2.45995536453405	2.29062707111671	2.31028279220205	2.10401304810144	1.59743725957862	2.31755317544501
4753	CAGL0M03377g	3.30947460436706	4.71181402395694	4.36738358830911	3.67053329654492	3.17407380130582	2.79819260873134	3.03851397982043	2.63709149347199	2.16908833434543	4.36738358830911
199	CAGL0A04829g	2.23429197057421	3.0297697227291	3.01838985353511	2.57726926831976	2.28932127461052	1.97594472832684	1.84525784830946	1.52305538046084	0.779951106756778	3.01838985353511
4298	CAGL0L06248g	1.04029372746263	1.61062127222044	1.6313099785535	1.69211642169682	1.79896067776855	1.81182672011085	1.98616574103933	1.93685412877512	1.52165411418253	1.93685412877512
4843	CAGL0M05445g	1.37529056770733	2.04496250448275	2.32920939665365	2.52116998962724	2.76625409797944	2.97829851423648	2.84203283940476	3.0530692376273	2.80068251364247	2.97829851423648
3093	CAGL0J03740g	-0.341406499629527	-0.237330231269375	0.386409648682724	0.686803315215244	1.68307099121816	1.9122020227155	2.20389242502033	2.34903360206101	2.77203980986301	2.34903360206101
4598	CAGL0L13134g	1.0450134964727	1.7257753383806	2.1956489642198	2.215241287623	1.93341260007481	1.76850604813406	1.70319981896492	1.54508020485686	1.33488365865486	2.1956489642198
1722	CAGL0G03289g	2.52528945361955	2.55494442466097	3.08296532021941	3.16664961708728	3.46274026766534	3.52568512925516	3.55825972391664	3.27512368691715	2.69445671154388	3.52568512925516
653	CAGL0D00264g	-0.567764529481498	0.641868609040683	0.879558273274225	1.20256810783352	1.32530319219766	1.74852610795437	1.86160824412596	2.03805115388006	2.13970537438964	2.03805115388006
706	CAGL0D01474g	1.94139932534916	2.70160063153221	2.74758708262787	2.71624903592611	2.29838970304838	2.10022453202458	2.24818105596673	2.07202247190306	1.96074677142159	2.71624903592611
820	CAGL0D04026g	2.47689192281183	4.60859538704445	5.50377606324467	5.27784509485538	5.05364214855944	4.78639710894025	4.70578348613751	4.56900322826903	3.92646222188916	5.27784509485538
5215	CAGL0M13651g	1.366616745605	2.42505232666007	2.87972418777743	2.93897824972633	3.00918107177579	2.85648260836082	2.8765411837816	2.74976351137022	2.43143189267991	2.93897824972633
222	CAGL0B00726g	1.0117043710198	0.954192796415271	2.26592152220282	2.30344142413568	3.11142853620998	3.34989456269959	3.94261351784397	4.03784001756632	4.43191729233823	4.03784001756632
577	CAGL0C04004g	0.688027307037962	1.55561748218567	2.02661597338594	2.17647049993347	2.19945469696293	2.20396892482411	1.91237749854694	2.08874608375561	1.93896765361368	2.19945469696293
3696	CAGL0K05357g	0.638835569357814	0.964880259547687	1.44491775979707	1.64436238729352	1.91719705781915	1.94572966371377	2.15638788135565	2.02971767889409	1.92053067375381	2.02971767889409
453	CAGL0C01243g	1.85123834404937	2.21123887783123	1.71366097454592	1.77883047613472	1.75523649704974	1.20513986878513	1.04572915541106	0.695974775770247	0.520384963034187	1.85123834404937
3443	CAGL0J11550g	3.17230801956014	5.86808656996548	8.29524690586893	8.70318560791773	9.68580663991151	9.68224592293753	9.91223133110206	10.0572933037522	9.71756441584349	9.91223133110206
4549	CAGL0L12012g	1.73496612169776	3.20983716400615	3.84630582007964	3.96616253400676	3.94643497295195	4.12928644096207	4.06404017232318	3.98318509549821	3.87449742416024	4.06404017232318
4051	CAGL0L00649g	2.12825003538863	3.44548520104822	3.83453588388751	3.67836458289483	3.64835209642603	3.61967833597928	3.70786590001165	3.6628200830972	3.25983496899792	3.70786590001165
182	CAGL0A04433g	0.763009808692294	1.56165762305866	1.85019976518832	1.79173045842157	1.8628829240491	1.56238102324388	1.60136041070799	1.39444977011998	0.925138440412681	1.85019976518832
2907	CAGL0I10054g	1.69360593956688	2.83328151434649	3.26185997988201	3.33053918187707	3.28415652412196	3.16828112965858	3.39958054989114	3.24814321086946	3.16249952714345	3.33053918187707
2816	CAGL0I07887g	1.15853142935119	1.69895486955206	1.8190294662742	1.93077438285697	1.9049286944783	1.8989890700504	1.86610900594568	1.90048144151873	1.78931914914722	1.9049286944783
461	CAGL0C01397g	2.87723327432891	3.71693177475381	3.7584690784592	3.71185946780169	3.71841204338643	3.67880498468587	3.57893930029552	3.52231932174062	3.52495674358255	3.71841204338643
1530	CAGL0F07975g	1.57640173840406	2.08428563105278	2.13039452981014	2.0489871639909	1.92723920032253	1.92504904869787	1.93767228286491	1.77181181935885	1.39869185087186	2.08428563105278
410	CAGL0B04939g	1.04955652807305	1.63067164762881	1.94006288475101	2.08720182365886	2.03563917916615	2.09355439243916	2.09097087642255	2.1372734687619	2.05903902640332	2.09355439243916
40	CAGL0A01089g	0.049780478110903	1.0630240626465	1.34192839674925	1.50926377411076	1.83966942096439	2.01536038724665	2.20614457553786	2.21765072926366	1.97969443271601	2.20614457553786
1389	CAGL0F04719g	2.45457868237345	4.39931457623958	4.53629988280214	3.99878429796585	3.65165133120853	3.13887550787639	3.00430525174948	2.47609751820024	1.6290650073174	4.39931457623958
230	CAGL0B00902g	1.93030812096828	2.33432295165711	1.83506369159648	2.17350038574769	2.39354061173204	2.29003084449766	2.44821599864072	2.07144904320907	2.00779419644561	2.39354061173204
1126	CAGL0E04840g	-0.0627675221801552	0.920969875670947	2.23667526618596	1.57680784567839	3.39525828873084	3.73234835014771	4.13905630518934	4.34723380485088	4.79936743659593	4.34723380485088
5223	CAGL0M13827g	0.677428234630392	1.93642591717122	3.14885887458987	3.04930815070189	3.39312213927132	3.82430566282547	3.72699147319743	4.1086354210582	4.21893164103037	4.1086354210582
4460	CAGL0L09999g	0.660402088212942	1.0834323182584	1.21266846784954	1.66822951651549	1.95458524956044	1.97975184453276	2.06689732110302	2.01917553036392	1.80145313183187	2.01917553036392
802	CAGL0D03630g	0.372022309549504	0.586495666959211	1.01049200520933	1.28559108509966	1.75125730282669	2.42049400807876	2.19771044204887	2.52371605114874	3.00063614866264	2.52371605114874
2081	CAGL0H01606g	0.64303523825002	1.35067788805797	1.7374713215098	1.75957241842623	2.04137361651793	1.87484620989192	1.96908058531701	1.83791595944954	1.36494937631227	1.96908058531701
2466	CAGL0H10362g	1.43129149045971	2.44956371831371	2.68302924306615	2.61544504463735	2.83089589833816	2.54740982454869	2.62567553280736	2.38475379114571	1.94411418627437	2.68302924306615
720	CAGL0D01782g	1.05092162302562	1.69325222393284	1.90933494659444	1.80420327470592	1.71535083172061	1.66671259881596	1.81059890075437	1.78672420122081	1.79404455802246	1.81059890075437
4115	CAGL0L02167g	1.0770968359658	2.10003876136745	2.70557037905837	2.93636909885843	3.56181209202018	3.75202695876062	4.14572767860957	4.38956653642462	4.25878079823929	4.25878079823929
2550	CAGL0I01870g	1.16212067812611	1.66897429113541	2.15898410908872	2.52888514884309	2.94037719331968	3.18500095779746	3.13837637692959	3.26669407357899	3.19357222126859	3.19357222126859
630	CAGL0C05269g	0.997298527992083	1.61443407807653	1.72110421530396	1.74828246653991	1.86797920479722	1.81997211142493	1.84016504050432	1.63869751703638	1.43373222250971	1.84016504050432
3934	CAGL0K10868g	2.69697517701945	3.69452665909411	4.22884304267119	4.0437707802768	4.14998914680182	4.16283901838455	4.41570482630703	4.33463591995394	4.06474857574681	4.33463591995394
2867	CAGL0I09108g	1.29387058084764	1.00939895990553	1.19628346738418	1.66486757486667	2.09156114585891	2.10650845345464	2.16239835575241	2.03100152283659	1.93166887191049	2.10650845345464
3608	CAGL0K03459g	1.82541906400693	2.82442462053656	2.96497842893547	3.03262842978852	3.08396288639588	3.0874996435617	3.26769859513749	3.13946358122684	2.94159273295186	3.13946358122684
2860	CAGL0I08943g	0.177653519730942	1.08387278100969	1.08624694105496	2.02479126133384	3.06209760671309	3.673018975917	4.07822315087738	4.6094222873043	5.14403532073499	4.6094222873043
2017	CAGL0G10197g	-0.15196753007859	0.0184899032633048	2.6639762556044	2.3662466434511	3.96023598189917	4.72964699138854	4.39321987871347	5.2288024600469	5.70685325922895	5.2288024600469
1817	CAGL0G05566g	1.56613027552583	2.12074570891317	2.39070134704545	2.46735341690674	2.75039075173937	2.69036172195852	2.90718352495699	2.82309842291147	2.49143711512271	2.82309842291147
994	CAGL0E01749g	0.00458883090823736	-0.189173112799415	-0.0216506942739705	0.644769733803935	1.18595681324172	1.48365847668997	1.82761815594383	2.12631192646864	2.33347583711133	2.12631192646864
2040	CAGL0H00682g	1.051298696188	1.94498438329656	2.7482254776339	2.60773602960741	2.72977072436728	2.26974961248604	2.19600926175863	2.27861200715159	1.71139053748476	2.72977072436728
4419	CAGL0L08954g	1.72042053720608	1.83424459991692	1.87889074169578	1.71651825761037	1.56482607887463	1.64461481950427	1.49264074269117	1.62036845561492	1.53729387230003	1.83424459991692
1194	CAGL0E06424g	0.635760050942791	1.63439849344328	2.10057395316971	1.96077100870682	1.72841189173566	1.26721208895823	1.00992399420725	0.836051914306076	0.391100136979345	1.96077100870682
2220	CAGL0H04873g	1.61799150267434	2.4341654499732	2.49622303021286	2.43531107430396	2.12402316964941	1.94258409535869	1.52021205602109	1.40706167363163	0.963712537411606	2.43531107430396
4008	CAGL0K12518g	0.130244352493722	1.06020013375027	1.99709703441246	2.13760095474347	2.4781944253686	2.31801918834427	2.07057717020469	2.06551016638459	1.83555533769958	2.31801918834427
4254	CAGL0L05258g	1.65861636960572	2.00420403514122	2.32560673539091	2.56135215580496	2.58415701051405	2.88472673482729	2.81920762821272	2.74896975492483	2.27633312504479	2.81920762821272
1272	CAGL0F01859g	-1.36540956647111	0.221519882484637	0.631492280426751	0.826129754206258	1.56113139246289	1.89643434260391	2.26551481189993	2.32751216549058	2.47998753707324	2.32751216549058
2641	CAGL0I04048g	0.687029508048698	2.62663792655326	3.91397431633748	3.67100003919986	3.36467795989848	2.75415033372439	2.28955432124796	2.06045835189424	1.1011225633615	3.67100003919986
1893	CAGL0G07337g	1.10526082541788	1.77472823299543	1.91787166930374	1.86077800821465	1.61967660435015	1.68992181472175	1.65917506906541	1.50480574646625	1.30185500397101	1.86077800821465
75	CAGL0A02002g	4.02065487727276	6.67947320919526	7.39849075537442	7.28659951701297	7.51063038148754	7.39136041260016	7.24268067208312	7.15709063647718	6.64126129323431	7.39849075537442
3845	CAGL0K08734g	1.43182230311746	2.20589904059441	2.44513262854467	2.47939720671197	2.44503570782227	2.39021856443532	2.40053767815061	2.3230534934884	1.88188921478339	2.44513262854467
3872	CAGL0K09394g	1.29698417325592	1.68811964571761	1.75163855820868	1.83837075387503	1.85886193644173	1.76153283793702	1.79356796006223	1.70075950479158	1.51303766651918	1.83837075387503
574	CAGL0C03872g	-0.807833260514135	0.743021568217949	2.4256562766881	3.11136555560669	4.16808965794192	4.40668917014838	4.82945338006871	4.59945125210455	4.07652891397314	4.59945125210455
138	CAGL0A03410g	-0.909672514326857	-1.68768231803852	-1.17776951473331	-0.303522732985072	0.227193835415394	1.26722864110276	1.32705621772473	1.84587748052608	2.29628054337487	1.84587748052608
4424	CAGL0L09086g	0.462822419986334	1.03996121461721	1.44342924379111	1.71834848057075	1.78959358483521	1.77074178828061	1.86364295084447	1.84133279558219	1.84874372360664	1.84874372360664
343	CAGL0B03465g	1.69707288048753	2.07206092527773	2.46218721006987	2.67699338426237	2.97494170344816	2.82432840434725	2.72165423055904	2.61878449709524	2.36850496168437	2.82432840434725
1473	CAGL0F06677g	1.28440043391184	2.27492220924351	2.99085328813413	3.69673803012241	3.69933861870627	3.96823246360038	3.85988164375385	4.0851623726422	4.21764775122519	4.0851623726422
1187	CAGL0E06248g	1.2376696157136	1.63115313485283	1.68779311045839	1.87134511044744	1.82371495548697	1.91045334767754	1.60774592995157	1.79771281153642	1.64472595488633	1.87134511044744
2582	CAGL0I02596g	-0.782015380730816	-1.41879451562719	-0.712853247967172	-1.09544377868599	1.48547685759001	2.43567515900742	3.05378278322112	3.66918366199877	4.51430242942931	3.66918366199877
4004	CAGL0K12430g	1.73410378671969	1.78460929794665	3.91933531181011	4.3400428893058	4.76722956991256	5.321206129099	5.40895959929536	5.68665561964329	5.81051343940901	5.68665561964329
737	CAGL0D02134g	1.39678463671769	2.40699600960989	3.08334994146532	3.4179494451522	3.86306512296951	3.78391671745108	3.6951754169816	3.55883032984915	3.42904944666694	3.78391671745108
4992	CAGL0M08624g	2.23147846473461	3.06747974513439	2.9225991334694	2.96375964872982	2.50548905121833	2.21792892271867	1.99705090243609	1.63408442179309	1.30429437835929	2.96375964872982
3729	CAGL0K06105g	1.43610854054449	2.5508867841832	2.67190900871165	2.59348495632693	2.60237195306709	2.54337937304124	2.5763727695021	2.61429606353191	2.50955482324269	2.61429606353191
123	CAGL0A03102g	-0.853704405350066	0.0891206811788381	1.19897745663712	1.79525457884315	2.26684923426149	3.41022772795111	3.75330620287047	3.91244838424585	3.68436165443997	3.75330620287047
5017	CAGL0M09207g	1.47463604810447	2.0521148457157	2.06040564236095	2.05047925896361	2.15360642135653	1.81746566112555	1.81728494914713	1.54116829863024	1.0536211019521	2.06040564236095
4885	CAGL0M06325g	1.12917261240811	1.85107079596759	2.1504545323869	2.32794074583957	2.22658360292329	2.27849082226834	2.47759075933809	2.3471703865442	2.26793543325628	2.3471703865442
1667	CAGL0G02057g	-0.202588565975797	0.569997515056362	0.651954504520208	1.79705285332571	2.15089546866549	2.63024332725676	2.68711939325669	2.75023112605955	2.42177563678154	2.68711939325669
3572	CAGL0K02629g	0.728711865193758	2.22807615616239	3.37842701649179	3.52331475214282	3.94320944992195	3.86291148557567	3.76838922146754	3.5898420199852	2.8997191899033	3.86291148557567
3568	CAGL0K02519g	0.563507085155444	1.1698801027048	1.80346739001375	1.83327580662538	2.26156634505666	2.27883854014468	2.35803234117131	2.35482982371165	2.19432442868008	2.35482982371165
336	CAGL0B03311g	1.48151862285954	2.75019464859768	3.43189141980468	3.38300965868991	3.25714015110707	3.30940458461465	3.05950655507919	3.06005599073316	2.77609642107369	3.38300965868991
2334	CAGL0H07337g	0.838662758568858	1.43375019003322	2.0565215546264	2.35050095950074	2.68462006184656	2.58173995403463	2.58638733253285	2.82404178176721	3.09437000356362	2.82404178176721
1761	CAGL0G04279g	-0.422401768517609	-0.137103113187583	1.06363813834265	1.15880565955112	1.6509222823504	1.80505504601702	2.06612577259315	2.31523585327955	2.31054504988693	2.31054504988693
4735	CAGL0M03025g	2.09016694412981	2.79212162390938	3.00905287882455	2.8740466620376	2.89196085817172	2.88228508147158	2.94822098123724	3.00945784433984	3.12516904205827	3.00945784433984
3056	CAGL0J02904g	1.04111415392495	2.2719873855499	2.61571133989412	2.81863752876063	2.69119689926491	2.73038140697384	2.70662630964932	2.6337467212846	2.47708866878046	2.73038140697384
1707	CAGL0G02937g	1.3043764407295	3.1470514949875	3.69280108634061	3.64013472044542	3.95365400134977	4.02829108838003	4.5549972877531	3.93264724699686	3.58766560404732	4.02829108838003
1818	CAGL0G05588g	0.610076775592829	0.854455173463964	0.901332637130693	1.39737251672567	1.48900993760387	2.01756525427574	2.00215961758262	2.22337648239792	2.27038878008179	2.22337648239792
997	CAGL0E01815g	2.10838233702574	4.15694969424253	5.32103542856421	5.50557139374649	5.90533835151258	5.88672988552657	5.98269410582759	5.8363906955992	5.47898510593388	5.90533835151258
1285	CAGL0F02167g	0.652912760561674	1.28059236675997	1.8430656065341	2.47050604418702	3.27206616323363	3.852477739662	4.19955033233376	4.2247304422706	4.76775124952204	4.2247304422706
4058	CAGL0L00803g	0.893667615893264	2.08057018141069	2.45999964898608	2.49580021596617	2.48344114320634	2.47474429398169	2.52382881689299	2.40206065717227	2.3365175301688	2.49580021596617
1386	CAGL0F04631g	4.13150602222591	7.22504117863583	9.24380053158902	9.91588537974925	10.2586534835428	10.834687351946	10.9113116028504	11.1774160414589	11.3111197431746	11.1774160414589
818	CAGL0D03982g	1.49127753721908	2.41960943200296	2.58878556533189	2.29784434830022	1.91841080401274	1.66465277740845	1.72370559904818	1.68227638165256	1.63344237848939	2.41960943200296
1747	CAGL0G03883g	2.31215122910685	2.394239086595	3.03208197170194	3.0973468912611	3.02515699965943	2.98149680505946	2.70461851204142	2.50092699798385	2.01010774671863	3.03208197170194
751	CAGL0D02420g	0.564897361871207	1.34653412589483	1.58952150600721	1.832276637859	1.95226176829005	1.86619047685289	1.52511611988423	1.71687672193666	1.73659530584767	1.86619047685289
887	CAGL0D05654g	-0.021547598468223	0.285780518177731	2.03887825458365	1.88012977675387	2.76858811067102	3.62858299486576	4.04144675301882	4.39647837487108	4.55839106115163	4.39647837487108
1173	CAGL0E05918g	1.28599532625853	1.84080962609728	2.13112830830721	2.15357454769534	2.04729841016987	2.0552522941508	2.0067687374766	1.99778316873073	2.00750778768794	2.13112830830721
507	CAGL0C02365g	2.43888195089314	3.27758528561605	3.65102618445981	3.72279354160624	3.98164689183167	3.91979961591386	3.74495211413225	3.77444030541282	3.61918365918217	3.91979961591386
3328	CAGL0J08976g	1.40785138203348	2.4810161209085	2.40858087212137	1.97270704859127	1.48770097941683	0.976446981605292	0.917547444677369	0.743276852394006	0.604916096054936	2.40858087212137
3614	CAGL0K03575g	2.06758520255315	2.73829580048924	3.08473797198874	2.89222796798486	3.01355510544703	2.88552156732911	2.80585417797861	2.7499688951493	2.56688919615904	3.01355510544703
4323	CAGL0L06798g	1.0617921944473	1.76776687951755	1.87931930343568	1.9380842795917	1.98634683382695	1.95066031483088	1.93748133301298	1.84454697516779	1.50349440162719	1.95066031483088
2893	CAGL0I09680g	0.646747063188523	1.4000028102766	1.58406297042422	1.83377663522092	2.03596965037791	2.22914878284908	2.05174864871118	1.8976475398098	1.80109421813292	2.05174864871118
2574	CAGL0I02420g	1.20136352787378	1.69037882483073	1.91298679647393	1.75421396497876	1.88946875749646	1.98195596903107	1.78677646333186	1.92425406763868	1.78966154809005	1.92425406763868
3783	CAGL0K07337g	2.59645192127582	4.12170866806932	5.04610437458281	5.02879517470277	4.92308840472733	4.9834433918749	5.20503724096432	4.7786583807466	4.4739364509852	5.04610437458281
296	CAGL0B02387g	1.55826300444092	2.28357656246681	2.54942678414095	2.7153661095443	2.86818577638344	2.94429684800219	2.88250999790444	2.77250998732253	2.45824140264942	2.88250999790444
915	CAGL0D06380g	1.13354135787532	2.99461183143561	3.42736332916161	3.88182493866196	4.5430120884954	4.85750909560797	5.12195532100677	5.47348497893447	5.49109755491734	5.47348497893447
64	CAGL0A01716g	1.59422941807156	2.93862318987788	3.38120512089366	3.53862266789665	3.74720226444249	3.66214436375988	3.49655121397659	3.46030228870707	2.9052249936888	3.66214436375988
2725	CAGL0I05874g	1.75176792591449	2.93660151832672	3.31386547500101	2.98364853145284	3.10660958946243	3.05848826160139	3.09744854413937	2.99549364719493	2.38119896758365	3.10660958946243
3840	CAGL0K08624g	0.902009136415838	1.78099108178184	1.96618026171041	1.92935229331805	1.59628407885448	1.51145498423115	1.63537778968949	1.46918256742038	1.42836307127984	1.92935229331805
801	CAGL0D03608g	0.932449332100312	1.83749588363622	2.3007012085336	2.9148099290373	3.3713218070022	3.40102475347437	4.03287670008208	3.99342805940112	3.59270462681669	3.99342805940112
5202	CAGL0M13365g	-0.192911224528864	0.243337513002371	-0.248650653151874	0.695238513184733	1.21336345786121	1.64919355252623	2.12318888873476	2.88505470721405	3.2672368071464	2.88505470721405
4785	CAGL0M04103g	1.98359954886647	3.32687849115831	4.18319341309237	5.04009854987073	5.06334453061385	5.72293196385241	5.36531436352002	5.56404845907861	5.59969011635438	5.59969011635438
4142	CAGL0L02761g	3.96353575765916	7.72371421823154	9.64062077828311	10.1989984394192	10.6567577503543	10.4738195396719	10.4668447093957	10.0369580332091	10.0605561008594	10.4738195396719
4925	CAGL0M07183g	0.915297385340682	1.84362821479445	2.19547221674325	2.08157438645744	1.81658073587113	1.75142241371157	1.64329425734717	1.59562566164113	1.28283972722526	2.08157438645744
259	CAGL0B01595g	1.72538507053431	3.1017245559669	3.42189767503663	3.09251538934719	2.99419568885526	2.80665896420815	2.552147802202	2.51528963971899	2.50705862183981	3.1017245559669
5079	CAGL0M10549g	0.200906768374047	0.865405626360596	1.52374598698843	1.98498918792609	2.19950778656946	2.11274991097701	2.10125937716305	1.90415564210842	1.6265713297645	2.11274991097701
3935	CAGL0K10879g	1.32305483873652	1.86614272079926	1.84455277905668	1.47161714490162	1.52798145338643	1.71954682217674	1.38888556671584	1.64449013204969	1.90431440557782	1.86614272079926
3057	CAGL0J02926g	0.928456164779889	1.9972607882036	1.80319084213469	1.53828683690736	0.691394479102652	0.313168684406861	-0.034255851910352	-0.28449158528849	-0.255349439380564	1.80319084213469
1744	CAGL0G03773g	1.06688656357567	1.65541978489853	2.10248915220678	2.16841847709864	2.2898665369306	2.09925845530053	2.24888534278008	1.92965846738995	1.35250651589791	2.24888534278008
2760	CAGL0I06644g	1.06226996772124	-0.0866114755369711	-0.821443226627339	1.02410422914146	1.5773469515764	2.1310526852099	2.0588005610673	2.29515844442838	2.31675163527048	2.29515844442838
952	CAGL0E00803g	2.47373447732714	2.73437275096289	2.75139793542307	2.76243673463176	2.6633464223726	2.60731392882068	2.81807529313698	2.61098396457944	2.25456081211346	2.76243673463176
2561	CAGL0I02134g	0.935116361230606	2.05825679660406	2.15644545581977	2.35474871664243	2.91183578803218	3.37483605199033	3.69108708296337	4.25911031563664	4.30952716981303	4.25911031563664
780	CAGL0D03102g	1.16214428061589	1.79534069096683	1.95725395582674	1.93032821319983	1.72196621312626	1.6245240473051	1.49035168836712	1.60672925214835	1.80114289845924	1.93032821319983
3493	CAGL0K00869g	1.20183080226849	1.68630213652101	1.91605062042606	1.95151804001893	1.83097378670325	2.04034614559777	1.83808313429918	1.97819546717928	2.0399538835632	2.0399538835632
5009	CAGL0M09020g	1.21030298739505	2.79276936136709	4.21132459507618	4.46217070675327	4.71332157592381	4.73054351079128	4.78025710104839	4.94528115143042	4.60653304702911	4.78025710104839
2956	CAGL0J00451g	-1.59640188740723	1.29233757171776	3.83013231025437	3.99390500055082	3.95739842351468	3.81892485854992	3.60587671876872	3.69889915452003	3.08447464128343	3.95739842351468
2450	CAGL0H10032g	0.873537045539075	1.95983300581847	1.97603140815393	1.61073723849664	1.36621621103443	1.14072362434874	1.10071195853293	0.707109739181413	0.105480906379434	1.95983300581847
544	CAGL0C03223g	0.410857083200084	1.38974370755927	1.8271766781445	1.92408229968767	1.7999862420147	1.3818912142846	1.48279796374522	1.31035040667556	1.00923271896825	1.8271766781445
1162	CAGL0E05654g	0.558022751294836	1.22954864274585	1.5036135228838	1.64088850289663	1.80107302564388	2.04937584156559	2.18583583795801	2.32407790396971	2.3018670110041	2.3018670110041
4756	CAGL0M03465g	1.15149541456544	2.55103967766391	2.94612978868806	3.53611770219344	3.83087079532728	4.20636705341411	3.90656631384509	4.15578628924021	3.35348485838093	4.15578628924021
49	CAGL0A01284g	0.982510901289219	1.07910550511764	1.63030159739867	1.69195982012865	1.5493078354464	2.00084879859299	2.02704443772782	2.36585015927229	2.40746728629631	2.36585015927229
1529	CAGL0F07953g	1.19299971458145	2.18708417924085	2.09731611257263	2.41792134635401	2.63376077379396	2.93110537282968	3.05472130739361	3.19672602026294	3.03368091315873	3.05472130739361
2272	CAGL0H06017g	0.01694474995913	-0.784631685087271	-0.0533990174191938	0.802570363119709	1.47652074182688	1.94710448762541	1.81850220554514	2.03844764538713	1.68610335974901	1.94710448762541
236	CAGL0B01078g	3.35405178758131	5.28425259284768	5.30409481254169	4.83872349955418	4.48788169957001	4.51614583449574	4.35787714814739	4.13352503858679	3.80949658304332	5.28425259284768
2219	CAGL0H04851g	0.495250248338934	1.33594619459648	1.81258377552817	1.66436780466457	1.84367003879219	1.87209196675788	1.94728971798742	1.97148489353458	1.78788104144435	1.94728971798742
1733	CAGL0G03531g	0.919587384788952	1.96429684159842	2.19185773728886	2.20820284965973	2.21604095586781	2.02154035905241	1.88143281263844	1.26108395082995	1.04596136982894	2.20820284965973
4017	CAGL0K12716g	-0.138378799881999	0.231554751885609	0.847924058632461	0.397661481138626	1.27235278706256	2.31348787989501	2.33515342038228	2.83331724652826	3.17508926630963	2.83331724652826
4278	CAGL0L05786g	3.74311366958475	4.52579126755833	4.77161110980037	4.57297799918649	4.07348525337036	3.75610993371175	3.46049997140531	3.66399746342384	3.14879004681186	4.57297799918649
154	CAGL0A03806g	-0.151967530078593	0.018489903263303	1.91594865895297	3.259174518264	3.53281475816449	4.07283495298945	4.44297291391057	4.19792009861443	4.74277283348389	4.44297291391057
4544	CAGL0L11902g	2.77041156633984	3.82108927493809	3.98770819107215	4.26168484126054	4.66075711968234	4.61240957621236	4.66194691972141	4.64694713859483	4.46657135424073	4.66075711968234
5030	CAGL0M09493g	0.672064038721567	1.3704807693902	1.71194868517519	1.89818192574254	1.97167281059341	2.08735651931352	2.1212529324203	2.08839207179984	2.12972310052783	2.1212529324203
1141	CAGL0E05170g	1.63976983394744	2.00644569669131	1.81890031013123	1.61238057355758	1.56972243996557	1.29033773973052	1.23042066915485	0.892493977698122	0.10455223424692	1.81890031013123
3084	CAGL0J03542g	1.28736683137019	1.68108085684844	1.81113184824874	1.88363642107731	1.78437605171797	1.70686763688128	1.67619053577082	1.62645288119362	1.55326713098834	1.81113184824874
3042	CAGL0J02530g	3.09791920483377	4.13551689895062	5.28007339296217	5.17313473891909	5.55330991118456	5.53258253352609	5.34927676616429	5.47766531017661	4.92827700217374	5.53258253352609
848	CAGL0D04752g	1.44291074281312	2.55042730867222	2.5641146726784	2.33674417114266	2.3076412685468	1.95072795266138	1.93446357064062	1.44044656203818	0.831103482695252	2.55042730867222
2127	CAGL0H02717g	1.93403367858848	2.67366460821592	2.20109741079427	1.99318110854395	1.52326260683242	1.51463726706918	1.67360896720678	1.51873550123174	1.24178826337431	2.20109741079427
1306	CAGL0F02717g	0.541307234127054	1.65924119253627	2.25763998233382	2.1292802269511	2.33629061143522	2.40856084332571	2.6404271278535	2.61372025956627	2.51217425300107	2.61372025956627
2521	CAGL0I01122g	1.42887456316788	2.22502967997972	2.09755284932711	1.65977495326791	1.45167518782683	1.04891312939318	1.09039416635096	0.858134538735703	0.450634115475621	2.09755284932711
3118	CAGL0J04290g	0.943088429876858	1.16350048205519	2.1634273713848	2.54572835849975	2.45466687529008	2.74086921920082	2.84410098066966	2.84876683654165	2.6711575179788	2.84410098066966
4555	CAGL0L12166g	1.66635130948329	2.37575335783119	2.29738808699012	2.07214034623137	1.5186453454078	1.65111928491358	1.01999795558654	1.25114657591871	1.17042025112164	2.29738808699012
921	CAGL0D06512g	2.08336411354498	3.11033126082691	3.74517346238751	3.77489999473166	3.9934487720975	3.90061661742969	3.67497515862538	4.2728288744255	4.41339919741611	4.2728288744255
2456	CAGL0H10164g	1.88072048601607	2.25443771602723	2.58046996267245	2.53686302459567	2.49584296385424	2.97981296523289	3.07371924111527	3.46771696353198	3.4384383075886	3.4384383075886
5163	CAGL0M12474g	3.095242190339	4.00395094910248	4.00042717978836	3.93035183497511	4.11640154751852	4.23475220844468	4.39888177090152	4.15431600393396	4.08769391917874	4.23475220844468
2470	CAGL0H10450g	1.25282175196958	1.44538188716232	0.722698341803901	2.58500666919138	3.50908217845829	4.06579056284274	4.4092250559345	4.79774090138402	5.17112541962596	4.79774090138402
5061	CAGL0M10153g	-1.75695809966212	0.759350829274856	1.186534933097	2.29771396600361	2.73483001471747	3.17891602878904	3.59829980989928	3.77368602414152	4.00422635996643	3.77368602414152
3359	CAGL0J09680g	0.755233162935973	1.16120136150928	1.19115845773689	1.41653987610083	1.39711684386106	1.69192269928449	1.98704560776717	1.94163928496942	1.78074836658734	1.94163928496942
1303	CAGL0F02651g	1.41067143932658	1.9635804019019	2.93700274274835	3.78342134306514	3.62903007342379	4.16322072160092	4.23275520652022	4.79435191197092	5.55350248232215	4.79435191197092
2492	CAGL0I00484g	-0.121150580555272	0.168729687265539	0.280928891258341	0.47558956463967	1.47212001287809	1.35287486814071	1.98564733700295	1.91395003054892	2.19545384122992	1.98564733700295
3446	CAGL0J11616g	2.19416373123175	2.2074280165111	3.53137665769632	4.04202698921636	3.42700065828226	4.71920774533518	4.32776351644738	4.77578596786623	5.04303654102616	4.77578596786623
3048	CAGL0J02706g	0.875422649787705	1.57057072042525	0.622530246262242	1.80331525740018	2.56786289561135	2.7785449565835	3.25950815643536	3.2505624497488	3.36936115496341	3.25950815643536
486	CAGL0C01919g	1.82382607952985	1.53686391415692	3.06355460993706	4.17548051594064	4.53062328935642	4.60005759580767	4.23364133908283	5.04427205678154	5.86136258090477	5.04427205678154
3186	CAGL0J05830g	1.83830582794227	2.88732235743045	3.10177531110346	3.20600749886921	3.25099983963387	3.39232549923944	3.35364790978624	3.57709968221608	3.54469628069475	3.54469628069475
281	CAGL0B02079g	0.370626220246382	0.635273317773101	0.224752211135693	1.86491437387023	3.99057803021059	4.11234948085325	5.21487604517416	4.40044321681845	5.07496306465123	5.07496306465123
3323	CAGL0J08866g	1.67935710304629	2.44623106298832	2.71756610441289	2.66137310096393	2.60231135898755	2.93479114835141	2.29206240395752	2.76825722827963	2.60849792187541	2.76825722827963
1063	CAGL0E03366g	1.79544167854336	3.23337766851428	3.68432236680014	3.74548306228976	4.66322913657005	4.90205903513522	5.17035644885042	5.64425352114695	5.65791922498639	5.64425352114695
716	CAGL0D01694g	-0.530929514179638	-0.312651606465801	-0.27979276746022	0.219861152718099	1.51029921591691	1.71019173622796	2.06321997834185	2.61244413242909	2.67273824030002	2.61244413242909
308	CAGL0B02651g	2.437592642636	2.39634621473946	4.22371665537726	4.96179234988674	5.98771671832127	6.55743772501792	6.55468330140759	6.96915637382059	7.27555986919219	6.96915637382059
1756	CAGL0G04125g	2.71657414424916	2.92017731524664	3.12432494948714	3.90556991870335	3.96023598189917	4.79175671111261	5.00327336039746	4.85068157974343	5.7308987331956	5.00327336039746
1659	CAGL0G01892g	0.697145909533449	1.92899835494317	1.91942642613359	2.42270137495304	2.40026589146656	2.37837383586372	2.66989046214524	2.45122409979788	2.12906587038524	2.45122409979788
644	CAGL0C05577g	0.392125670455692	0.423888020103642	-0.0924681266343963	0.154893113528537	1.29073283865923	1.60035715675616	2.18607672612738	2.54865006946559	3.20965356661407	2.54865006946559
4518	CAGL0L11286g	1.06555617155941	1.60968825128621	2.21090964913209	2.31482824157409	2.37561428126741	2.34404501783215	2.67903039059118	2.48570764753028	2.74670407432578	2.67903039059118
650	CAGL0D00198g	3.15219195096933	4.42780274284269	4.82170202424924	4.49265013156895	4.49631856439158	4.40172326004364	4.4322813378773	4.39565439070521	4.07022220479782	4.49631856439158
2445	CAGL0H09922g	1.07763593249567	1.6855418155803	1.50559202552071	2.46806707004786	2.62990781153602	4.05194681314291	4.7590270124354	4.93928782811925	5.40113286359215	4.93928782811925
4666	CAGL0M01452g	1.0435029043539	1.64898769495873	1.4995854826176	1.80074871355338	1.79866620959735	1.78185676239104	1.95143179631515	1.8809223131476	1.97830320880183	1.95143179631515
3788	CAGL0K07480g	0.849735032095721	2.09807030648467	1.9176303884837	1.37533033002941	1.08104344861344	0.608588982154339	0.702449647923117	0.394783626636466	-0.283413561185117	1.9176303884837
1468	CAGL0F06589g	2.9171634458406	1.90129685041365	1.57317233420425	1.98861792198751	2.16100331386585	1.76794529170166	2.02653099914507	1.98833166087114	2.01419651182241	2.16100331386585
1083	CAGL0E03894g	0.951324829086552	0.821289538834488	1.59040056074799	2.42515422394676	2.44165259726402	2.28370556236522	2.07482232698842	1.9409383170675	1.44465405922281	2.42515422394676
2136	CAGL0H02959g	1.43677175259256	3.07835495535854	4.2188062798724	3.87540627135245	3.54088118581414	3.83170128151768	3.41920860156548	3.38593921471042	2.81931958127421	3.87540627135245
4291	CAGL0L06094g	3.38846401327714	4.79094889058748	4.41810240301519	4.57831730172698	3.77300131466816	2.99606074263937	2.98573011652343	2.94790775081571	2.9937068648587	4.57831730172698
4399	CAGL0L08481g	1.94689245070465	2.99249349686543	3.89619551171979	3.99067953186861	4.17386174935924	4.3915612140363	4.64029609503341	4.74781201358851	4.76280266273497	4.74781201358851
2558	CAGL0I02046g	0.68032253790146	1.42779542223214	1.94310264913069	1.90917938241086	2.0341116003268	1.86764005232795	1.63755071510597	1.53314654495253	1.23033384702309	1.94310264913069
1103	CAGL0E04356g	0.523177943695481	1.66035948718836	2.13038371918529	1.97390192803577	1.86253367537892	1.43803201615183	1.35788721791224	1.0522616062706	0.666146015430881	1.97390192803577
4441	CAGL0L09537g	1.05983203552503	1.91724593376099	1.91816873942656	2.4867376211552	2.08061390309623	2.62931964918527	2.74679697620356	2.72384908256285	2.46639198912042	2.72384908256285
3753	CAGL0K06677g	1.38335930644093	1.88192767275801	1.99791888446512	1.98688559080186	1.93049853149479	1.79238270224742	1.67053862715818	1.61480993458937	1.21970335782392	1.98688559080186
2828	CAGL0I08151g	1.01771969937264	1.79058506192772	2.33696976531592	2.3015405952097	2.20213315123261	2.06703987537957	1.63708099184995	1.93479735216256	1.64693484238393	2.3015405952097
3063	CAGL0J03080g	4.99778072813287	7.79927168750678	8.63979236011734	8.27227072814487	8.29870551224765	8.2645586713149	7.97831089405035	7.94286830703381	7.26310582366477	8.29870551224765
2620	CAGL0I03586g	0.450250394289577	-0.188191283035222	-0.055066186595893	0.777635440329506	0.551232595300372	2.46102340251045	3.04338626863266	3.7507864038358	4.42867505438353	3.7507864038358
1539	CAGL0F08173g	1.1964891333801	1.8863853875477	2.15743110438761	2.18137414556544	2.32224619325181	2.28190578224992	2.29245312581807	2.2999667297133	1.87604257078004	2.2999667297133
3371	CAGL0J09944g	1.5387683690063	3.64241469992643	3.91748553297806	4.49973282011551	4.8650594114521	5.15600352285745	5.32017654887089	5.22021950471567	5.46128756846418	5.32017654887089
1541	CAGL0F08217g	-0.846240680968068	0.645387678859967	-0.438483805021237	0.858326975659378	1.25675214357495	2.7807372708298	2.59596621252967	3.31457404642783	3.55689244758525	3.31457404642783
2713	CAGL0I05610g	3.53561417078756	4.35308051852387	4.99051378503523	5.10134323731847	5.76137050092913	5.97619200486074	5.97745517163358	6.31130320581389	6.28467161822982	6.28467161822982
545	CAGL0C03245g	0.104237536964174	0.0591898233582775	-0.352468521888302	0.217099072242256	1.16966848624213	1.77658539906602	2.11635394965537	1.99259600257451	1.55461989650907	1.99259600257451
3794	CAGL0K07634g	1.77965718519376	2.29724087629053	2.35715993887042	2.34370490401024	2.23586982038719	3.11588038173969	3.03248464081274	3.43251690808793	3.34095936811752	3.34095936811752
1302	CAGL0F02607g	-1.73500031645244	-0.78116004368862	-0.0550661865958937	-0.07990743726635	0.551232595300371	1.61812875800246	1.73218458033835	2.66280274587667	3.37874982905184	2.66280274587667
51	CAGL0A01366g	1.36822058643143	1.71633208649156	2.26139891930049	1.97830014705749	1.84233135567372	2.0895933415485	2.19105853824157	2.27332276854464	2.38407017535483	2.27332276854464
1599	CAGL0G00462g	1.50984783933306	2.52628924124161	3.2951940754859	3.67315782085116	4.66682767295473	5.24573303348539	5.14161220059048	5.18386196267675	5.34053041760333	5.24573303348539
4432	CAGL0L09251g	1.03059256112555	1.86648383613644	1.84239977825183	1.78460820888833	1.72624314221857	1.7884747966282	1.90353067255364	1.69686671704616	1.10597240080365	1.86648383613644
2300	CAGL0H06633g	0.621136408780818	1.87323837214103	2.21194426743201	2.22073717938489	2.37445625534407	3.05327108140388	2.67080610731323	3.36474928081511	2.87999309043263	3.05327108140388
605	CAGL0C04741g	1.26810111107055	2.42984034132559	2.83970132143171	3.21693375354651	3.0781655100425	2.96057336673238	2.85155215850777	2.84052611503678	2.66111034289462	3.0781655100425
5029	CAGL0M09471g	1.18711281816398	2.04425671076361	2.2424044524175	2.36245653696055	2.04234376070827	2.4192532514386	2.2388796409647	2.3336207053447	2.04312629536576	2.36245653696055
3096	CAGL0J03806g	0.597710050437101	1.55611197136691	1.94621974162347	2.10668205633541	2.15463051672845	2.02235731875511	1.98347335347289	1.80323745155026	1.43478801053733	2.10668205633541
2143	CAGL0H03135g	0.147662921669594	1.34788770886891	1.55407022406504	2.31406163679688	2.55546991405918	2.6076451561058	2.57941278554014	3.03070414463856	3.42547961563582	3.03070414463856
5138	CAGL0M11902g	3.65008365191171	5.78748951390232	6.50896987392612	6.82782799708299	7.18999128726241	7.33899508639717	7.42688725960855	7.53577236404851	7.34496589709762	7.42688725960855
2669	CAGL0I04664g	1.15697055537924	2.12793705758647	1.37045451488703	2.77541262904408	2.77763479157467	2.91418820915805	2.68211399645406	2.77951603197803	2.68765904055694	2.77951603197803
415	CAGL0C00209g	-0.492831440006245	-2.1016844655417	0.0423658409361959	0.678499779972975	1.19076190451168	1.52634030439844	1.82894795248271	2.21667302350643	2.12682376528792	2.12682376528792
4196	CAGL0L03916g	0.945758880382697	1.2163969080555	1.85938883668152	1.81043368343195	1.6774821631334	1.51040449728419	1.09039659343571	1.49556475665051	1.17592776568029	1.81043368343195
2092	CAGL0H01837g	0.583305409587234	1.56963864835388	1.90537109651304	2.37778012400369	2.44453750672553	2.52713389008985	2.66649820956141	2.59901369198594	2.30442011553582	2.59901369198594
696	CAGL0D01265g	4.13362570470898	4.73952944979886	6.44770187280918	6.82844390268122	6.86006061808897	6.54179641322114	5.77870719327858	5.83991150897198	5.50786364156692	6.82844390268122
642	CAGL0C05533g	1.17426930771475	1.8776081952864	1.97972480822388	2.12502535481799	1.85265905302178	1.75016225366358	1.64235893041277	1.76469845641532	1.67343012309398	1.97972480822388
4945	CAGL0M07634g	0.273109373065672	0.502075999846193	1.3658277551251	1.92177336068892	2.38202517024428	3.13182152424038	3.23223252175295	3.36969229922118	3.57962150118054	3.36969229922118
1398	CAGL0F04917g	-0.29602458652268	2.01687116889471	1.08094346923056	2.53825659823297	2.81972143122627	3.02812581161776	3.04338626863266	3.00976786551646	3.73679734974586	3.04338626863266
3712	CAGL0K05687g	4.14068513371837	6.55176684106928	7.68363717851666	7.56900417383219	7.53644856722592	7.45301754331132	7.41670992046588	7.26644101053197	6.99170650956215	7.56900417383219
1512	CAGL0F07579g	0.325779687984856	0.610765193898835	0.736103789047777	0.841868622825487	1.32077803349179	1.13824666845063	2.1287055815079	1.85027929312765	1.61362406070322	1.85027929312765
3267	CAGL0J07612g	1.02399451041808	1.95030715973212	1.9842199972227	1.82505368326324	1.61823778573752	1.28280460645085	1.29788918417774	0.991657243141582	0.437598166865053	1.95030715973212
3603	CAGL0K03355g	-0.95438948651089	-0.783932053168995	-0.0779907855089781	0.194270400523767	1.04233680804693	2.31116554733251	2.00583542156002	2.88477646094414	3.21906690511766	2.88477646094414
69	CAGL0A01826g	1.59919707031721	3.54350947186793	5.76027591291092	6.78693368026837	8.23653092796623	8.54121637593927	8.64948892696473	9.12985922064045	9.21787006468359	9.12985922064045
3337	CAGL0J09174g	1.23658662068155	1.24162931795663	2.722545413299	2.48502702739787	2.76422631863457	3.60395543011702	3.98852433359814	4.09047372548313	3.85835932962677	3.98852433359814
695	CAGL0D01254g	0.522384494079962	1.91642779424544	2.4449191307537	2.59648460125966	3.06212079730844	3.14170210169279	2.79446011075883	2.84327605496606	2.18890591424719	3.06212079730844
562	CAGL0C03575g	-0.487629891822936	-0.764155099552344	1.08094346923055	0.733370267593615	1.17926381791341	1.99725438641485	1.5008590342319	2.97159262388842	2.90142805151866	2.90142805151866
2728	CAGL0I05934g	2.52829440662558	2.27811266298809	1.89419337129701	1.9591194983449	1.88603408581937	2.03997083760564	2.12538877110998	1.87976353064074	1.62229000247836	2.27811266298809
5203	CAGL0M13387g	-0.151967530078592	1.15716701657882	0.72443117092332	-0.439142792348699	0.259796263758075	1.30072447557281	2.26076958268982	3.52601070378266	4.02148886154996	3.52601070378266
1224	CAGL0F00649g	0.740101362378787	1.05353532852652	2.9050569825826	2.82543762341319	3.02328289960283	3.74158042683761	3.09077683485753	3.12614109546928	3.13603158876238	3.13603158876238
4684	CAGL0M01870g	1.0701770145432	3.24172463545058	3.82566598277227	3.50687613056936	3.27549195435842	3.50240826746545	3.35746499540365	3.15448597524959	3.15403772191929	3.50687613056936
4933	CAGL0M07359g	-1.6384106117887	-1.046118759815	0.24694478041407	-0.324415900041475	0.772273984512752	1.24475073798053	1.51257217048463	2.12450086818281	1.92474247405015	1.92474247405015
2433	CAGL0H09614g	-0.846240680968068	-1.12276588869748	-1.21721240459566	0.188450842334616	0.192621806155238	1.46323282021406	1.6630804083882	2.07517343859561	2.80112925796492	2.07517343859561
930	CAGL0E00275g	1.41067143932658	1.9635804019019	2.30684635780734	2.54244559514619	3.71922788239537	3.67228235739171	3.84573208341098	5.48441636300018	4.87812468637878	4.87812468637878
4755	CAGL0M03421g	1.41437753257386	3.21735207466751	2.93580082964761	3.74094816712513	3.871652257843	4.41332737482434	4.37978127804202	4.86660607721949	5.08685650272836	4.86660607721949
5165	CAGL0M12551g	5.19722443359501	7.02284332110797	7.28669387892774	7.26759696298916	6.99095966008733	6.74204688447682	6.76315151183825	6.73165899519467	6.25936852214443	7.26759696298916
132	CAGL0A03300g	0.594882167633011	0.6352733177731	0.365202782288363	0.927686467954508	1.68738649790482	2.76218946042593	2.6410541020582	2.97123173825949	3.49974854048164	2.97123173825949
209	CAGL0B00462g	1.50879147657993	1.58571218327878	0.972439372163889	0.0937982115333714	0.987573843943388	1.81309080913616	1.71131887545859	1.956842043502	2.61954026857706	1.956842043502
1820	CAGL0G05632g	3.41820031846883	5.72272878170526	7.9576428066664	8.58326416579814	8.87062967170744	9.28402083938377	8.93708742201617	8.86658840827541	8.50617268077055	8.93708742201617
436	CAGL0C00671g	0.55066654914797	1.67977483573383	1.8433179326219	2.27650602784948	2.28167798688276	2.3709828569491	2.52532955282638	2.4711734091713	2.33326935440023	2.4711734091713
3532	CAGL0K01749g	0.694130544997791	1.62386446265623	1.87801819146599	1.95430304659373	1.66413408226041	1.57226280333092	1.5200539950326	1.40600815369367	1.06008276888893	1.87801819146599
3629	CAGL0K03905g	1.09540289455091	1.9635804019019	3.12432494948714	2.36066822670335	3.71922788239537	3.89593923071345	4.0521829608784	4.4032583134851	4.53995595048421	4.4032583134851
3062	CAGL0J03058g	-1.43596946089975	0.299987728473381	1.49108894770372	1.89982662365262	2.32026373519348	2.64067404862394	2.79955254166077	3.092877758243	3.25743284410689	3.092877758243
5198	CAGL0M13266g	1.81873801841311	5.37641661487649	8.50775330714055	9.14461406618395	8.90244970645114	9.05824458162132	8.4895882731857	8.27186126757094	7.60319838447603	9.05824458162132
808	CAGL0D03762g	2.31226979576536	1.9635804019019	3.27403789050176	3.42211930959064	2.9227612764805	3.41477001407496	4.49106720211161	4.64733330802332	4.23830025062311	4.49106720211161
1067	CAGL0E03498g	1.76949933578289	2.93791396223999	2.91469854750977	3.15860770524961	3.44864970175683	3.47852684279846	3.31242351022412	3.46121575455489	3.3649554298279	3.46121575455489
4999	CAGL0M08778g	1.81468763048406	1.19971693278204	1.96112524312596	1.99640250229308	2.04064362515782	2.17700838905915	1.41204914124724	2.31444745384726	1.84489456155776	2.17700838905915
3214	CAGL0J06402g	1.81668849018876	3.53690401579829	3.71828080748445	3.1958669533025	2.78765232702516	2.32669101904356	2.43104468057277	2.10526348584725	2.4089894995182	3.53690401579829
1969	CAGL0G09086g	1.09540289455091	0.018489903263303	3.29413271579749	2.68302042570162	3.06715118581568	3.19152264245791	2.80825737799231	3.01585926726267	2.89949833717135	3.19152264245791
3664	CAGL0K04631g	0.83825511312423	2.24362452290787	2.62804920208591	2.41835681306021	2.31906863741127	2.42999595350662	2.43963511527206	2.41117808861511	2.33223932724968	2.43963511527206
443	CAGL0C00946g	0.870291959537862	1.29918419604171	1.78254456541543	2.06637027674567	1.85490020844544	1.98050510987074	2.31358164290206	3.00022209714165	3.2044055450424	3.00022209714165
3010	CAGL0J01800g	0.986025419318409	1.32370283224307	2.1602503736979	2.59362476521338	2.57253634466455	2.10676891454823	3.22955526237893	3.01575324097939	2.97519922077697	3.01575324097939
4302	CAGL0L06336g	2.48103989022148	2.24740118824107	2.86555050511921	3.35647234839064	3.60363650489037	4.36252120567146	4.22609820056839	4.84832589224792	4.89130573230828	4.84832589224792
271	CAGL0B01875g	-0.31831469494382	2.44301494202149	5.32098576332415	5.96698914079276	5.81222795631766	6.25204811762784	5.25769316097953	5.24621502026921	4.87949539838742	5.96698914079276
84	CAGL0A02233g	1.21537977263463	2.22684075179076	2.26217923414215	1.83715952210325	1.88187734131929	1.47410898226072	1.5899601407899	1.59474681757121	1.13431066976998	2.22684075179076
890	CAGL0D05720g	-0.0168829152379009	1.75212047810826	1.08094346923056	1.88255497047608	1.33972849010666	2.28992679152407	2.33484908279297	3.06444810721029	2.90142805151866	2.90142805151866
833	CAGL0D04356g	0.83900208849472	1.62242292715535	1.8000163296983	2.1342926990806	2.08559821125221	2.16404263128924	2.25716420804375	2.23681465701968	2.00226671051886	2.23681465701968
1886	CAGL0G07188g	1.13341214286384	2.17375867664765	2.48959592330778	2.51922775260353	1.9218260499912	2.05155202342985	1.98980020328841	1.82567012297133	2.05902778287529	2.48959592330778
728	CAGL0D01980g	0.312542427427624	1.42135010534868	1.52116463021257	1.82354328186017	1.78235619414099	1.75941288609275	1.81975576578248	1.86517762480044	1.79650635388377	1.82354328186017
221	CAGL0B00715g	2.68577590526381	2.62494620112149	2.59420011738279	1.63473741434572	2.6539097113716	3.11738996209036	3.14399712035349	3.03907595651257	3.04423038122439	3.11738996209036
5096	CAGL0M11000g	3.9531941189774	6.97402512031249	7.92525855390555	7.48676784912438	7.462043430789	7.38624420282834	7.40401230138411	7.1493769399649	6.55539087408367	7.48676784912438
1408	CAGL0F05137g	1.79333212488534	2.47058205283149	2.9916599287172	3.47019144441031	5.53449254287494	4.97036130477418	5.00568292044233	7.1256986366392	6.73716061873608	6.73716061873608
4604	CAGL0L13266g	1.09200914022202	1.42467542107413	1.50551364779611	2.20141716935068	1.1079413422663	2.59809293732019	2.3268611775033	2.82327288618111	3.04423038122439	2.82327288618111
4310	CAGL0L06512g	0.319902115836215	1.50643247103763	2.1027739994953	1.52373064540198	1.53603291155895	1.52858177188843	1.75273492154614	1.88581366476878	1.59896188206442	1.88581366476878
561	CAGL0C03553g	-0.293522172628796	0.668247412965465	1.33902609134413	1.83471901095599	1.94345784748467	1.84905070062965	1.83335353067563	1.77317758600231	1.71577959248873	1.84905070062965
3740	CAGL0K06380g	0.749710225439456	2.65984487805498	3.0369630556374	3.07553569438563	3.32351573175314	3.32546646903532	3.50977386033361	3.46533792298101	3.1443275532913	3.46533792298101
3691	CAGL0K05247g	2.31282114254089	4.27175716433935	4.94893044452168	4.71251879891486	4.74022064007576	4.56791408562783	4.72387907372979	4.75628591049873	4.46375690901113	4.75628591049873
2787	CAGL0I07249g	3.59161002358471	5.69378388580265	6.38542867989881	6.50513956211309	6.34223509581845	6.37006675412716	6.57474047056491	6.27984487087981	6.03326943197953	6.50513956211309
2043	CAGL0H00759g	0.992928185995793	0.620789214201355	0.813053354054213	0.973184675817776	1.0790991331933	1.42559508319658	1.5234685065576	1.85387324881856	1.99002501025371	1.85387324881856
2451	CAGL0H10054g	0.971809514259069	2.01102894907747	2.21347610112647	2.39342117907051	2.25310114228468	2.04496426543442	2.0725943763164	1.71706783687439	1.11268788804196	2.25310114228468
3842	CAGL0K08668g	-0.242192820227119	1.02534813609862	1.91963677296484	2.5026848944573	2.14499851519913	1.91725578753256	1.63880760470948	2.09647630258935	2.75895353184848	2.5026848944573
1815	CAGL0G05522g	1.56614987113594	1.6023946502488	3.12432494948714	2.86933004347349	1.48218868509452	3.36167109248811	3.60472398390718	3.47452600703504	3.20435291869977	3.47452600703504
23	CAGL0A00649g	1.31759923582842	0.972738993047262	1.72945846802708	1.85853788925734	2.98387865277381	2.9291386047663	2.64349334686929	3.45009119977145	3.85804597982411	3.45009119977145
3460	CAGL0J11891g	1.09540289455091	2.57691689329208	1.50315977049774	1.73928259024647	1.48218868509452	2.92549145344746	2.26076958268982	3.82924569367811	3.45589168569573	3.45589168569573
1581	CAGL0F09141g	2.01415737121503	3.20250591633584	1.91594865895297	2.82545224998536	3.88428712866587	3.21925939989266	3.4183108596763	3.48416907993159	3.45589168569573	3.48416907993159
3020	CAGL0J02024g	1.32281643477983	1.20562431994499	0.500305468344132	-0.0810572010047722	0.647878185144614	0.802501802842059	0.788631341898498	1.99590671876403	2.6763736585862	1.99590671876403
1565	CAGL0F08745g	5.51974484668165	7.1977257834242	6.79616735168411	6.42028041546196	6.36938988480951	6.19479628790925	6.19095303770747	6.22373746678604	5.97408102660173	6.79616735168411
520	CAGL0C02629g	-0.147152918272621	-0.783932053168994	0.725544643345654	1.51398109753516	1.77930240221314	2.31116554733251	2.80230202747488	2.53406456734148	3.05400765884716	2.80230202747488
